100 100
30 70
70 14
14 63
63 45
45 60
60 61
61 79
79 92
92 81
81 16
16 12
12 99
99 90
90 74
74 39
39 69
69 22
22 57
57 65
65 51
51 78
78 9
9 97
97 62
62 24
24 100
100 21
21 47
47 37
37 46
46 84
84 93
93 33
33 6
6 67
67 77
77 53
53 44
44 71
71 36
36 18
18 73
73 11
11 2
2 4
4 25
25 80
80 83
83 94
94 72
72 43
43 52
52 48
48 3
3 17
17 28
28 49
49 82
82 41
41 58
58 31
31 86
86 40
40 55
55 91
91 42
42 76
76 15
15 87
87 32
32 95
95 59
59 35
35 88
88 85
85 7
7 10
10 98
98 29
29 34
34 27
27 89
89 75
75 19
19 26
26 5
5 38
38 66
66 54
54 50
50 20
20 56
56 8
8 23
23 64
64 1
1 13
13 96
96 68
68 30
40
4 15
11 2
35 13
30 7
23 15
34 21
7 11
21 12
20 3
14 10
7 20
29 2
22 16
36 2
4 5
20 5
38 9
28 21
9 13
11 12
23 39
9 16
26 14
25 5
8 40
21 34
36 16
6 26
27 40
11 22
21 40
8 36
17 26
33 6
22 19
12 23
13 27
8 24
4 27
34 10
28 35
22 28
6 25
25 37
40 33
4 31
3 5
10 22
11 12
3 22
8 19
34 38
34 32
4 39
40 16
3 4
33 4
34 16
35 13
25 22
21 28
35 10
10 19
26 11
10 34
32 35
29 27
27 31
23 16
20 12
25 3
12 29
29 12
27 31
40 14
14 3
11 13
6 23
3 21
31 33
2 28
1 33
1 19
27 19
31 26
17 16
10 37
32 15
4 27
35 11
3 16
4 32
33 24
16 26
14 18
25 26
26 27
35 15
30 33
23 28