1000 1000
326 676
676 429
429 359
359 230
230 595
595 647
647 566
566 890
890 187
187 691
691 534
534 302
302 388
388 751
751 321
321 801
801 384
384 62
62 376
376 447
447 455
455 553
553 131
131 696
696 986
986 95
95 192
192 173
173 170
170 378
378 106
106 510
510 243
243 176
176 939
939 55
55 218
218 818
818 15
15 978
978 684
684 533
533 923
923 871
871 750
750 349
349 529
529 217
217 454
454 528
528 809
809 685
685 902
902 108
108 24
24 847
847 655
655 883
883 418
418 413
413 617
617 700
700 405
405 132
132 962
962 263
263 188
188 911
911 678
678 577
577 673
673 877
877 748
748 299
299 576
576 893
893 499
499 662
662 934
934 991
991 989
989 21
21 649
649 112
112 207
207 204
204 306
306 587
587 36
36 285
285 950
950 861
861 826
826 99
99 51
51 862
862 471
471 567
567 951
951 794
794 20
20 635
635 208
208 908
908 966
966 414
414 147
147 657
657 312
312 736
736 129
129 848
848 190
190 591
591 876
876 644
644 958
958 392
392 339
339 873
873 245
245 317
317 639
639 320
320 762
762 777
777 921
921 640
640 872
872 638
638 84
84 779
779 909
909 703
703 87
87 45
45 987
987 784
784 83
83 754
754 196
196 540
540 2
2 43
43 191
191 109
109 389
389 199
199 763
763 351
351 368
368 714
714 851
851 364
364 240
240 946
946 444
444 804
804 550
550 63
63 630
630 832
832 598
598 546
546 443
443 867
867 390
390 151
151 970
970 311
311 379
379 496
496 992
992 247
247 86
86 901
901 138
138 464
464 884
884 580
580 431
431 177
177 487
487 278
278 519
519 88
88 626
626 314
314 846
846 202
202 172
172 213
213 953
953 716
716 906
906 558
558 100
100 993
993 409
409 677
677 520
520 633
633 111
111 495
495 403
403 420
420 492
492 536
536 720
720 734
734 596
596 456
456 730
730 391
391 463
463 611
611 360
360 345
345 313
313 792
792 790
790 616
616 878
878 375
375 838
838 67
67 490
490 905
905 354
354 363
363 967
967 855
855 945
945 228
228 674
674 470
470 223
223 514
514 491
491 489
489 35
35 139
139 973
973 76
76 273
273 512
512 619
619 518
518 930
930 136
136 441
441 348
348 3
3 483
483 581
581 121
121 722
722 79
79 288
288 548
548 169
169 292
292 19
19 713
713 983
983 308
308 833
833 428
428 233
233 796
796 6
6 358
358 382
382 544
544 328
328 929
929 933
933 775
775 467
467 882
882 31
31 727
727 69
69 917
917 505
505 333
333 913
913 897
897 651
651 742
742 628
628 694
694 610
610 938
938 940
940 765
765 434
434 783
783 287
287 592
592 332
332 451
451 30
30 914
914 216
216 227
227 400
400 697
697 699
699 753
753 852
852 426
426 585
585 712
712 504
504 145
145 732
732 968
968 180
180 507
507 670
670 335
335 572
572 437
437 120
120 701
701 73
73 75
75 366
366 637
637 10
10 850
850 396
396 688
688 72
72 868
868 404
404 324
324 656
656 344
344 466
466 835
835 892
892 805
805 557
557 755
755 143
143 422
422 255
255 539
539 474
474 642
642 164
164 486
486 863
863 476
476 137
137 535
535 185
185 347
347 927
927 252
252 115
115 343
343 165
165 686
686 636
636 183
183 200
200 935
935 107
107 641
641 778
778 853
853 393
393 127
127 214
214 1000
1000 53
53 501
501 198
198 65
65 827
827 799
799 307
307 549
549 68
68 22
22 322
322 130
130 924
924 671
671 365
365 806
806 175
175 683
683 614
614 300
300 705
705 114
114 46
46 667
667 573
573 323
323 295
295 445
445 488
488 461
461 547
547 159
159 59
59 402
402 433
433 731
731 904
904 89
89 80
80 620
620 385
385 309
309 394
394 941
941 706
706 653
653 246
246 97
97 663
663 304
304 503
503 370
370 622
622 168
168 415
415 271
271 643
643 879
879 410
410 840
840 952
952 244
244 193
193 690
690 416
416 315
315 350
350 729
729 841
841 912
912 887
887 310
310 774
774 551
551 286
286 267
267 828
828 152
152 770
770 4
4 885
885 532
532 813
813 843
843 956
956 373
373 494
494 284
284 870
870 222
222 290
290 996
996 746
746 123
123 866
866 797
797 401
401 118
118 554
554 708
708 579
579 820
820 459
459 140
140 1
1 603
603 932
932 574
574 538
538 296
296 758
758 788
788 473
473 977
977 695
695 229
229 367
367 599
599 81
81 936
936 995
995 601
601 17
17 399
399 543
543 836
836 947
947 330
330 316
316 156
156 262
262 658
658 786
786 277
277 282
282 16
16 972
972 18
18 485
485 710
710 937
937 530
530 270
270 249
249 631
631 724
724 857
857 215
215 542
542 613
613 40
40 66
66 842
842 297
297 174
174 203
203 773
773 452
452 975
975 153
153 964
964 515
515 477
477 142
142 104
104 594
594 430
430 438
438 377
377 680
680 56
56 291
291 531
531 960
960 526
526 858
858 96
96 982
982 460
460 625
625 810
810 417
417 771
771 110
110 681
681 721
721 965
965 741
741 789
789 231
231 648
648 665
665 457
457 669
669 869
869 210
210 395
395 226
226 517
517 854
854 238
238 825
825 560
560 371
371 264
264 949
949 907
907 632
632 149
149 874
874 584
584 397
397 844
844 808
808 154
154 387
387 209
209 74
74 552
552 743
743 646
646 157
157 12
12 764
764 903
903 49
49 280
280 224
224 294
294 7
7 864
864 782
782 178
178 735
735 719
719 761
761 250
250 369
369 590
590 728
728 303
303 28
28 158
158 85
85 134
134 659
659 918
918 942
942 160
160 167
167 612
612 356
356 881
881 446
446 225
225 327
327 524
524 624
624 98
98 419
419 150
150 814
814 93
93 14
14 380
380 232
232 607
607 242
242 749
749 126
126 259
259 922
922 816
816 608
608 325
325 361
361 411
411 561
561 27
27 849
849 954
954 555
555 807
807 260
260 623
623 899
899 186
186 800
800 41
41 319
319 257
257 629
629 133
133 668
668 586
586 406
406 34
34 92
92 602
602 985
985 50
50 525
525 821
821 757
757 484
484 5
5 839
839 769
769 442
442 605
605 258
258 9
9 342
342 256
256 812
812 144
144 493
493 265
265 845
845 894
894 980
980 961
961 896
896 201
201 346
346 645
645 42
42 472
472 523
523 545
545 976
976 23
23 707
707 435
435 146
146 398
398 37
37 994
994 425
425 54
54 988
988 948
948 957
957 815
815 618
618 122
122 502
502 682
682 562
562 275
275 998
998 609
609 811
811 221
221 859
859 733
733 817
817 301
301 925
925 427
427 171
171 990
990 926
926 439
439 39
39 423
423 780
780 189
189 237
237 776
776 943
943 248
248 822
822 125
125 920
920 266
266 704
704 974
974 834
834 760
760 338
338 458
458 575
575 38
38 421
421 77
77 513
513 969
969 830
830 578
578 436
436 331
331 25
25 565
565 522
522 889
889 61
61 537
537 787
787 462
462 206
206 268
268 915
915 336
336 689
689 47
47 424
424 60
60 386
386 829
829 740
740 516
516 919
919 597
597 374
374 448
448 600
600 527
527 556
556 253
253 702
702 959
959 353
353 875
875 465
465 479
479 357
357 352
352 355
355 570
570 634
634 71
71 469
469 124
124 269
269 254
254 627
627 274
274 148
148 999
999 569
569 725
725 239
239 90
90 194
194 781
781 672
672 521
521 615
615 212
212 33
33 298
298 241
241 119
119 289
289 329
329 895
895 759
759 105
105 886
886 70
70 64
64 78
78 823
823 337
337 568
568 675
675 860
860 798
798 482
482 795
795 650
650 698
698 772
772 57
57 752
752 745
745 738
738 334
334 768
768 563
563 971
971 824
824 497
497 744
744 450
450 13
13 29
29 261
261 211
211 161
161 407
407 234
234 341
341 163
163 856
856 276
276 32
32 82
82 508
508 819
819 604
604 318
318 679
679 589
589 236
236 652
652 739
739 453
453 693
693 509
509 654
654 283
283 711
711 583
583 660
660 8
8 865
865 880
880 195
195 251
251 766
766 498
498 963
963 94
94 272
272 803
803 408
408 219
219 155
155 898
898 916
916 747
747 737
737 281
281 141
141 449
449 26
26 900
900 582
582 179
179 305
305 432
432 362
362 664
664 440
440 955
955 692
692 340
340 102
102 103
103 475
475 293
293 802
802 511
511 279
279 723
723 91
91 205
205 372
372 116
116 541
541 717
717 984
984 181
181 58
58 910
910 381
381 135
135 785
785 500
500 944
944 687
687 837
837 767
767 506
506 113
113 593
593 220
220 981
981 468
468 928
928 480
480 726
726 831
831 52
52 162
162 979
979 571
571 718
718 709
709 606
606 478
478 997
997 588
588 756
756 793
793 666
666 197
197 184
184 117
117 412
412 44
44 891
891 128
128 564
564 559
559 383
383 235
235 715
715 621
621 101
101 791
791 888
888 931
931 661
661 11
11 182
182 48
48 481
481 166
166 326
250
206 15
186 138
173 28
78 233
35 173
240 27
1 210
47 78
103 195
149 178
142 119
246 220
145 49
170 120
129 179
214 198
49 235
197 232
97 46
175 241
244 191
179 20
64 236
181 39
244 173
162 9
76 62
61 218
133 243
134 28
195 60
130 141
250 215
33 173
122 225
239 63
88 83
222 67
77 35
8 11
3 45
245 230
44 164
47 242
249 183
206 36
57 185
131 68
186 202
241 107
29 228
39 244
49 190
80 145
221 187
195 99
193 1
43 61
55 10
147 163
79 2
192 148
138 15
186 168
242 77
50 70
106 182
121 179
246 3
116 180
109 106
129 206
90 43
109 190
27 57
96 187
188 2
216 129
247 234
180 91
95 92
10 154
191 159
110 31
138 6
62 49
229 236
141 195
116 220
216 32
90 244
248 76
216 48
43 99
190 49
224 99
208 92
74 139
221 99
192 207
145 78
27 19
20 107
5 20
15 205
51 7
42 108
82 7
108 219
221 145
24 176
74 102
8 88
166 177
206 210
26 115
206 175
45 62
196 65
28 39
120 157
50 127
86 53
13 249
198 131
86 226
84 120
184 13
238 35
181 118
241 72
62 49
40 87
70 190
206 2
102 180
87 210
50 220
175 11
249 196
217 135
193 134
167 195
230 130
234 116
176 216
133 1
152 233
119 60
52 5
119 58
149 60
55 172
223 114
71 191
152 110
11 144
222 87
30 35
69 132
67 222
197 60
184 175
72 109
215 204
181 235
15 155
216 190
85 43
192 83
151 241
95 41
29 66
182 160
151 139
127 164
228 114
34 132
188 105
91 234
236 1
94 3
75 214
41 134
2 9
227 58
70 84
91 26
247 26
117 35
70 22
100 29
224 170
203 148
147 235
10 146
171 241
168 64
98 117
134 157
248 122
182 35
128 170
88 56
129 90
9 1
66 208
85 99
128 156
115 51
27 109
43 169
170 234
178 208
149 182
188 27
141 45
106 185
185 6
227 197
236 51
82 112
9 4
2 70
243 89
34 18
122 205
112 192
191 93
29 209
52 118
191 208
8 107
57 184
221 81
91 171
103 204
100 92
167 233
98 95
126 7
21 193
209 135
179 104
58 158
38 168
152 47
169 199
48 201
210 160
65 220
210 110
122 9
8 50
72 221
182 218
69 154
90 7
2 191
218 176
147 197
123 142
71 65
168 187
165 9
96 161
84 186
151 85
39 138
36 228
77 210
249 198
32 105
21 126
9 144
158 146
96 78
30 103
189 21
130 136
234 224
63 140
48 184
180 204
36 204
8 66
241 127
109 238
232 228
97 224
193 64
217 197
59 218
197 67
109 239
38 189
155 154
247 12
127 121
54 197
226 241
108 82
70 64
184 139
73 237
223 127
216 169
25 112
217 118
27 52
138 172
32 86
184 36
74 83
75 204
103 244
60 142
84 239
140 132
207 122
163 80
209 199
208 51
112 172
46 92
40 221
249 151
207 101
36 137
43 189
200 105
92 196
75 40
243 74
127 35
28 156
176 34
143 107
227 4
164 214
203 58
27 154
109 116
208 25
220 162
121 90
191 209
123 70
120 140
168 185
169 51
222 207
2 141
74 199
151 53
155 99
63 40
209 211
174 69
67 66
168 226
176 201
246 221
86 184
225 90
206 30
96 92
220 158
193 229
114 122
231 154
230 151
13 176
11 201
21 95
59 190
67 226
245 107
195 130
167 13
38 17
110 198
148 24
50 109
81 156
85 2
16 104
56 44
213 175
65 48
41 18
141 208
164 88
250 143
204 227
239 159
198 130
110 173
183 227
50 209
219 250
61 191
143 142
156 106
124 49
53 40
201 158
45 36
134 64
159 13
194 52
3 148
217 25
47 195
154 124
106 199
201 157
63 40
103 112
192 243
118 48
176 146
147 103
151 59
119 97
150 31
31 144
21 25
90 62
56 161
73 2
12 234
99 60
68 247
28 38
238 163
169 170
64 162
241 219
42 38
189 112
91 56
136 25
242 77
249 50
222 167
215 72
238 83
59 186
143 230
98 248
243 240
154 111
76 159
218 214
107 230
143 236
16 140
43 171
102 211
64 221
148 229
11 25
190 155
113 34
195 92
38 123
145 221
212 107
180 35
213 21
95 105
170 154
21 154
163 62
73 7
100 30
74 43
137 221
32 216
92 193
235 154
160 119
239 85
171 58
225 36
51 133
72 73
41 128
123 236
107 65
144 14
17 120
24 46
238 74
14 83
212 96
235 156
128 136
108 55
182 145
228 143
139 126
194 163
194 200
105 30
7 65
104 221
93 118
104 84
211 128
101 86
99 167
18 154
20 110
207 167
183 104
188 4
17 5
213 179
202 140
78 103
142 171
133 100
69 219
148 68
74 245
155 60
231 139
142 105
63 111
248 38
234 42
116 56
33 108
164 104
190 89
69 81
158 183
69 116
63 222
47 68
140 90
110 27
218 103
104 142
138 24
93 95
48 30
46 68
247 16
100 41
14 172
238 183
45 116
44 15
28 54
1 57
155 230
47 128
201 48
25 44
40 239
215 81
203 131
28 140
157 201
69 194
206 4
30 70
236 115
186 110
30 246
216 17
240 25
63 68
33 242
118 50
192 249
23 52
184 94
154 121
94 11
43 95
77 114
237 22
145 99
81 59
5 169
183 175
207 33
103 107
118 83
89 168
208 200
100 12
19 119
138 228
227 134
250 81
233 108
114 209
2 122
235 58
65 141
170 35
97 81
123 100
130 160
224 91
40 157
85 176
123 221
203 122
22 14
139 161
106 204
145 200
128 234
45 73
42 118
59 104
191 175
14 55
236 94
219 69
76 93
115 20
151 63
130 237
171 36
183 192
56 44
221 78
221 138
136 149
40 171
195 1
15 38
121 203
149 16
35 189
246 71
65 156
197 165
186 144
109 142
127 61
35 16
121 201
193 151
39 66
5 125
145 69
129 247
62 128
109 15
68 179
115 194
118 85
186 248
250 196
153 113
242 146
201 63
93 75
24 30
165 59
219 232
242 124
25 121
236 10
150 137
208 218
198 188
60 142
6 10
175 143
147 8
245 52
110 17
178 186
165 18
111 162
180 5
55 14
128 44
162 10
7 148
137 247
206 169
79 174
195 94
51 62
7 19
126 184
201 171
59 66
192 250
87 40
240 121
211 57
197 122
18 22
222 56
226 97
16 155
188 212
125 53
4 240
247 160
210 216
124 197
19 54
249 151
117 47
39 83
204 233
9 67
45 130
168 142
96 12
32 72
196 210
226 106
39 250
23 55
143 62
208 16
91 185
89 115
246 226
237 126
205 215
101 48
38 225
46 49
23 137
200 142
36 161
223 100
250 26
213 166
166 138
108 136
68 40
222 65
88 66
214 116
57 134
102 1
233 20
146 202
25 186
192 46
122 102
229 32
66 170
211 192
133 6
32 27
98 240
213 68
129 246
123 240
93 221
44 53
76 139
118 55
77 116
69 109
147 181
58 197
156 19
83 112
43 232
229 54
89 146
204 10
80 228
234 206
62 216
82 208
193 84
120 117
136 32
163 184
175 132
107 136
105 87
91 45
14 55
67 143
141 236
144 34
139 9
8 187
238 236
247 48
182 69
116 190
221 154
158 142
79 95
141 62
40 98
11 50
186 22
148 99
47 198
64 242
221 167
84 166
50 84
18 14
60 109
95 182
87 68
179 81
236 225
3 104
118 217
182 93
157 194
185 56
217 133
187 95
142 92
112 97
49 169
55 173
136 54
57 138
213 51
232 99
129 70
237 175
236 246
161 107
147 148
46 44
129 104
47 88
32 85
71 168
3 139
7 50
153 94
192 74
92 74
97 216
220 170
32 100
130 186
19 114
195 44
206 111
234 249
196 80
218 207
213 223
124 102
77 13
172 140
203 70
215 175
77 158
124 161
75 101
199 173
226 208
218 40
157 71
218 27
129 91
86 224
133 80
17 61
76 56
89 246
228 10
55 90
28 225
217 26
167 113
209 142
154 224
14 107
174 39
86 87
165 216
64 104
249 215
69 240
244 247
47 126
132 191
189 162
140 58
69 195
40 106
232 178
174 154
113 195
232 67
90 60
170 82
202 88
67 19
64 35
82 66
29 106
99 208
149 96
77 180
102 113
109 18
117 48
30 111
50 81
70 140
160 95
16 65
116 218
100 99
66 121
201 191
103 239
167 177
63 209
239 174
185 196
88 189
124 174
137 33
99 47
145 47
104 91
236 115
204 81
2 110
17 74
72 226
35 148
231 74
83 244
175 118
200 62
52 70
175 220
111 249
72 155
132 62
69 184
165 214
58 148
24 241
190 193
185 209
3 142
103 162
34 227
204 160
147 46
65 131
74 109
29 81
62 18
229 130
207 174
38 144
101 184
102 163
225 170
170 122
43 47
137 19
40 125
75 121
31 63
199 220
227 17
25 100
63 141
103 25
13 162
219 168
223 134
146 88
177 31
92 182
78 119
69 177
125 185
79 66
27 155
136 187
22 190
161 62
202 137