500 500
306 53
53 301
301 161
161 174
174 133
133 381
381 435
435 65
65 180
180 371
371 186
186 488
488 325
325 68
68 213
213 140
140 322
322 83
83 308
308 496
496 456
456 197
197 245
245 170
170 198
198 432
432 459
459 238
238 364
364 267
267 298
298 136
136 462
462 273
273 497
497 278
278 309
309 98
98 484
484 114
114 290
290 62
62 85
85 302
302 38
38 201
201 97
97 253
253 378
378 407
407 254
254 205
205 370
370 104
104 46
46 336
336 2
2 481
481 329
329 361
361 430
430 73
73 494
494 15
15 18
18 276
276 438
438 418
418 470
470 398
398 453
453 42
42 32
32 211
211 220
220 261
261 454
454 377
377 283
283 443
443 258
258 215
215 50
50 341
341 328
328 344
344 111
111 299
299 195
195 340
340 13
13 64
64 90
90 400
400 374
374 142
142 354
354 78
78 490
490 334
334 472
472 479
479 461
461 405
405 119
119 135
135 403
403 24
24 291
291 289
289 207
207 441
441 465
465 388
388 310
310 132
132 500
500 387
387 20
20 84
84 107
107 30
30 237
237 315
315 189
189 390
390 233
233 99
99 355
355 60
60 297
297 486
486 404
404 421
421 117
117 393
393 489
489 112
112 395
395 389
389 417
417 235
235 165
165 277
277 177
177 463
463 230
230 12
12 392
392 458
458 154
154 476
476 440
440 466
466 10
10 280
280 86
86 429
429 482
482 192
192 26
26 457
457 304
304 320
320 158
158 139
139 27
27 413
413 160
160 293
293 312
312 171
171 485
485 270
270 272
272 226
226 122
122 483
483 305
305 179
179 49
49 82
82 499
499 326
326 23
23 41
41 477
477 9
9 419
419 337
337 93
93 40
40 21
21 126
126 100
100 427
427 498
498 351
351 335
335 88
88 467
467 70
70 464
464 109
109 69
69 448
448 262
262 152
152 314
314 266
266 386
386 43
43 412
412 175
175 208
208 367
367 194
194 228
228 87
87 166
166 433
433 210
210 61
61 105
105 422
422 6
6 7
7 148
148 255
255 183
183 234
234 333
333 16
16 239
239 178
178 225
225 81
81 240
240 402
402 188
188 318
318 321
321 478
478 36
36 115
115 279
279 89
89 449
449 172
172 146
146 48
48 191
191 167
167 28
28 57
57 411
411 71
71 63
63 151
151 1
1 156
156 248
248 124
124 416
416 249
249 45
45 80
80 79
79 434
434 439
439 375
375 196
196 347
347 431
431 232
232 58
58 4
4 349
349 426
426 200
200 331
331 216
216 176
176 182
182 385
385 118
118 222
222 424
424 338
338 460
460 209
209 120
120 450
450 495
495 271
271 346
346 352
352 121
121 480
480 260
260 29
29 384
384 113
113 353
353 415
415 376
376 300
300 366
366 229
229 11
11 268
268 282
282 123
123 37
37 452
452 437
437 39
39 252
252 159
159 284
284 247
247 286
286 263
263 52
52 259
259 425
425 474
474 303
303 275
275 130
130 204
204 169
169 127
127 327
327 492
492 217
217 221
221 257
257 8
8 162
162 108
108 231
231 3
3 343
343 445
445 359
359 256
256 219
219 77
77 31
31 420
420 423
423 242
242 5
5 265
265 94
94 137
137 190
190 76
76 153
153 410
410 274
274 129
129 214
214 372
372 128
128 243
243 14
14 360
360 491
491 250
250 414
414 281
281 380
380 397
397 147
147 307
307 401
401 316
316 22
22 362
362 493
493 72
72 95
95 391
391 193
193 471
471 149
149 125
125 227
227 487
487 185
185 184
184 455
455 35
35 116
116 102
102 25
25 436
436 19
19 323
323 34
34 294
294 406
406 399
399 236
236 55
55 173
173 91
91 356
356 473
473 330
330 203
203 373
373 348
348 59
59 144
144 446
446 163
163 145
145 168
168 394
394 106
106 101
101 17
17 212
212 187
187 246
246 269
269 223
223 157
157 451
451 164
164 475
475 365
365 244
244 363
363 296
296 206
206 332
332 218
218 54
54 311
311 134
134 56
56 368
368 44
44 33
33 150
150 468
468 155
155 447
447 141
141 345
345 339
339 469
469 324
324 287
287 350
350 382
382 66
66 379
379 285
285 358
358 241
241 96
96 369
369 138
138 51
51 409
409 317
317 292
292 224
224 442
442 383
383 396
396 75
75 92
92 74
74 264
264 288
288 357
357 67
67 202
202 103
103 143
143 131
131 428
428 110
110 295
295 342
342 319
319 313
313 199
199 251
251 444
444 181
181 408
408 47
47 306
200
80 25
137 149
52 161
21 14
123 57
30 170
28 109
37 42
162 135
92 196
169 138
66 40
33 29
39 165
49 134
120 134
198 76
60 77
58 47
186 83
164 149
87 80
126 9
112 192
141 198
130 123
128 173
120 155
34 175
13 186
67 139
67 100
138 159
10 147
105 87
32 180
2 82
3 147
39 23
31 17
43 6
38 74
68 13
120 81
138 20
116 123
54 19
124 110
18 149
173 131
177 193
112 142
9 81
78 159
44 101
91 117
88 61
136 144
136 56
106 128
185 182
142 162
79 72
13 189
190 153
122 145
81 78
73 178
23 142
179 91
192 112
171 92
124 96
8 2
159 58
80 100
76 141
193 195
37 180
13 150
23 162
48 11
24 42
198 104
142 6
160 99
75 189
25 144
133 78
87 151
75 177
181 163
105 193
122 63
199 49
166 10
166 100
98 130
72 172
72 185
18 114
121 22
63 196
123 102
168 26
104 118
178 131
158 107
107 22
165 60
106 116
30 97
144 64
71 157
143 126
32 107
91 190
43 158
104 185
61 145
30 12
132 116
175 51
74 169
32 104
102 34
191 149
83 34
136 21
37 28
87 11
128 124
27 118
154 65
171 177
67 159
15 8
200 38
33 106
164 175
9 107
49 200
120 94
176 179
53 161
138 14
33 157
29 52
88 172
197 22
154 70
174 101
28 8
18 161
161 180
133 66
23 95
108 172
119 96
95 173
109 193
94 153
25 177
164 147
13 130
16 26
175 89
126 52
1 11
144 178
69 189
169 195
37 100
54 121
178 169
71 37
68 53
42 182
58 111
124 187
138 2
37 11
138 61
195 171
188 161
199 142
44 6
48 82
171 27
3 11
67 30
193 101
60 185
65 76
136 57
139 115
189 31
178 134
18 85
136 56
141 75
65 75
183 58
177 88
15 30
155 33
189 82
90 145
166 184
135 110
88 107
36 134
169 192
66 57
88 66
167 126
43 93
83 21
85 144
66 79
66 173
160 36
154 54
63 152
12 191
107 62
48 199
164 147
105 13
128 168
187 130
198 41
186 127
91 30
49 151
2 47
163 66
66 1
182 87
71 79
146 84
141 76
128 59
71 165
132 189
129 178
166 99
132 2
1 34
63 72
170 112
125 86
111 151
125 183
104 115
168 70
106 72
13 151
48 146
121 89
119 115
103 23
182 21
114 162
191 93
22 134
76 195
10 109
180 182
56 128
70 149
11 107
44 191
55 159
66 8
175 194
106 147
75 187
150 20
39 123
22 194
178 117
110 108
115 42
53 33
106 34
71 162
60 36
82 156
187 104
97 56
73 129
65 157
80 47
5 194
10 80
114 174
193 152
81 17
40 52
128 167
57 29
90 41
24 74
27 187
192 193
69 31
105 167
92 168
104 195
149 66
43 135
190 60
1 193
79 159
164 135
192 106
189 142
156 36
155 16
126 43
144 91
19 99
49 159
164 73
53 40
78 6
187 147
17 191
128 177
60 30
142 38
69 81
72 176
8 115
51 159
183 107
135 92
172 111
197 196
107 133
19 85
121 67
45 149
185 82
90 136
150 49
116 68
116 129
96 152
36 89
171 131
151 128
22 69
195 18
64 12
39 191
148 56
112 173
96 1
160 53
141 108
129 5
25 163
78 91
189 51
31 8
133 195
190 100
55 27
144 181
182 23
137 57
75 182
163 159
144 130
47 76
8 81
21 96
93 167
1 113
79 163
157 23
113 25
52 159
177 8
200 43
27 111
95 62
50 95
51 12
183 26
174 26
71 99
117 112
168 123
18 200
105 140
194 25
50 75
120 128
180 11
29 82
158 188
195 156
177 161
4 159
198 194
110 86
137 75
8 165
152 101
183 165
149 75
168 149
37 123
9 11
153 117
133 32
19 173
7 147
46 179
152 133
51 36
60 37
60 40
79 29
162 25
154 106
5 153
30 197
89 105
71 66
186 28
152 7
40 45
108 40
51 111
136 101
188 107
122 153
180 126
35 74
54 46
89 56
45 164
14 1
11 174
196 33
120 188
156 172
174 185
160 148
74 128
112 171
14 183
106 130
62 96
173 80
71 108
93 130
162 95
63 146
79 107
91 139
149 45
46 161
86 5
93 28
83 35
112 176
195 154
149 118
164 85
64 30
63 30
156 65
41 174
18 37
62 76
105 36
155 121
49 95
78 158
172 133
31 188
158 173
101 194
115 128
178 34
57 88
23 106
172 41
122 198
22 25
28 126
83 195
12 182
127 64
173 18