450 450
260 370
370 379
379 114
114 341
341 446
446 4
4 33
33 238
238 303
303 307
307 198
198 171
171 202
202 54
54 139
139 55
55 47
47 282
282 64
64 20
20 116
116 253
253 94
94 170
170 31
31 101
101 39
39 359
359 90
90 365
365 112
112 184
184 239
239 357
357 155
155 18
18 235
235 74
74 46
46 336
336 445
445 62
62 19
19 302
302 407
407 291
291 366
366 160
160 324
324 125
125 414
414 88
88 228
228 226
226 3
3 146
146 156
156 85
85 17
17 338
338 274
274 310
310 409
409 95
95 315
315 287
287 118
118 5
5 172
172 80
80 351
351 150
150 439
439 292
292 119
119 299
299 346
346 230
230 148
148 247
247 158
158 401
401 264
264 196
196 300
300 272
272 435
435 197
197 391
391 258
258 157
157 399
399 76
76 231
231 431
431 450
450 444
444 385
385 257
257 187
187 69
69 107
107 86
86 200
200 169
169 63
63 189
189 113
113 212
212 332
332 321
321 402
402 91
91 105
105 349
349 92
92 199
199 363
363 36
36 143
143 297
297 79
79 229
229 416
416 428
428 331
331 295
295 120
120 49
49 265
265 25
25 347
347 339
339 362
362 371
371 448
448 52
52 233
233 194
194 66
66 314
314 330
330 398
398 208
208 128
128 13
13 382
382 163
163 319
319 367
367 259
259 108
108 224
224 8
8 165
165 83
83 65
65 10
10 443
443 318
318 436
436 140
140 296
296 369
369 374
374 205
205 61
61 381
381 438
438 406
406 182
182 308
308 174
174 37
37 276
276 15
15 415
415 397
397 48
48 386
386 16
16 419
419 7
7 9
9 103
103 390
390 375
375 425
425 209
209 110
110 121
121 396
396 144
144 418
418 206
206 44
44 378
378 84
84 81
81 447
447 413
413 244
244 423
423 249
249 234
234 109
109 97
97 345
345 188
188 130
130 117
117 149
149 70
70 68
68 180
180 177
177 408
408 376
376 221
221 329
329 429
429 59
59 352
352 387
387 145
145 360
360 223
223 141
141 211
211 426
426 437
437 372
372 50
50 262
262 179
179 51
51 123
123 280
280 412
412 181
181 373
373 56
56 124
124 134
134 427
427 309
309 353
353 176
176 275
275 142
142 152
152 191
191 216
216 337
337 301
301 393
393 168
168 41
41 67
67 364
364 384
384 215
215 266
266 246
246 254
254 248
248 333
333 78
78 434
434 29
29 250
250 138
138 12
12 255
255 22
22 87
87 71
71 237
237 111
111 286
286 104
104 34
34 417
417 433
433 151
151 392
392 60
60 283
283 306
306 432
432 28
28 394
394 285
285 38
38 325
325 185
185 354
354 58
58 305
305 316
316 355
355 400
400 129
129 115
115 442
442 222
222 89
89 154
154 290
290 217
217 190
190 312
312 42
42 77
77 340
340 183
183 424
424 350
350 11
11 72
72 348
348 82
82 164
164 204
204 106
106 334
334 281
281 410
410 26
26 203
203 304
304 328
328 153
153 279
279 24
24 322
322 186
186 405
405 2
2 93
93 1
1 21
21 218
218 380
380 361
361 132
132 245
245 289
289 73
73 441
441 135
135 271
271 389
389 201
201 6
6 311
311 175
175 173
173 210
210 356
356 420
420 99
99 326
326 298
298 213
213 133
133 102
102 256
256 131
131 232
232 98
98 178
178 227
227 327
327 388
388 14
14 195
195 269
269 344
344 430
430 368
368 383
383 193
193 75
75 263
263 161
161 126
126 422
422 219
219 147
147 243
243 343
343 403
403 45
45 43
43 288
288 251
251 137
137 342
342 100
100 240
240 241
241 32
32 242
242 166
166 273
273 30
30 421
421 53
53 323
323 35
35 159
159 268
268 335
335 252
252 192
192 225
225 122
122 220
220 313
313 136
136 440
440 23
23 236
236 57
57 317
317 404
404 40
40 278
278 27
27 127
127 377
377 395
395 411
411 449
449 261
261 270
270 267
267 167
167 358
358 214
214 277
277 320
320 162
162 293
293 207
207 284
284 294
294 96
96 260
66
8 30
66 52
24 62
66 60
59 19
65 35
38 20
29 23
24 59
22 13
55 60
40 65
30 34
30 20
11 28
66 47
28 11
60 56
19 24
18 19
18 42
65 19
24 3
28 57
21 58
56 29
49 17
66 24
33 31
63 20
36 3
10 47
35 65
31 1
12 20
35 11
24 37
48 38
38 54
51 47
27 28
1 47
9 35
17 63
38 1
64 47
66 60
46 58
31 58
50 56
26 18
37 3
15 59
41 65
36 19
50 22
17 40
28 15
4 62
12 23
57 60
35 38
63 27
56 64
42 19
40 57
49 61
20 11
28 22
33 66
47 39
50 65
33 11
31 60
28 63
58 66
26 2
10 1
55 36
49 37
29 13
3 22
14 17
62 52
46 21
32 19
8 31
48 24
2 23
2 32
55 22
1 23
22 24
25 20
53 18
24 43
37 39
42 27
62 32
59 40
41 55
64 1
29 59
51 13
64 7
56 32
10 59
46 45
28 56
19 60
19 11
36 19
4 17
14 37
17 22
12 44
47 1
41 19
41 15
3 64
66 5
28 41
25 4
66 51
18 15
2 31
40 20
10 33
3 51
46 28
50 2
37 15
26 38
35 57
35 44
16 61
61 13
57 43
46 23
22 6
24 28
39 2
19 28
60 48
30 62
51 23
14 8
61 45
47 60
60 25
43 44
10 5
6 48
38 23
23 37
32 3
51 50
19 36
21 26
26 18
54 4
59 3
38 26
60 43
58 61
15 66
30 49
7 24
14 66
8 20
13 5
66 14
14 48
39 22
49 30
23 26
33 45
27 32
26 38
2 27
2 24
35 29
36 18
63 26
3 45
19 17
50 60
7 22
40 37
33 49
38 11
48 49
2 60
49 48
16 31
39 50
21 48
63 47
64 51
20 11
60 37
56 4
55 5
2 9
20 34
62 23
7 13
41 44
21 62
28 31
50 37
34 9
40 66
10 56
58 35
38 8
60 66
30 34
12 19
46 20
37 52
16 12
54 61
15 5
19 61
15 39
64 33
59 34
51 50
61 41
18 47
22 45
63 24
46 31
59 16
42 33
26 8
39 60
59 31
5 34
40 38
46 32
28 40
26 58
22 60
38 49
15 25
47 48
13 50
53 61
3 11
18 56
46 18
60 40
51 1
66 45
60 64
38 20
59 23
4 32
33 3
28 45
47 46
47 22
61 66
17 1
7 9
50 54
19 50
46 13
38 23
39 32
10 59
38 52
3 2
49 32
56 33
37 54
50 64
21 52
14 24
50 64
16 54
54 35
52 10
9 41
40 44
64 51
45 61
16 41
17 14
60 37
56 52
43 55
33 57
47 49
11 3
62 26
5 58
37 12
1 39
36 53
61 50
5 63
53 47
58 38
39 57
13 5
60 51
12 7
17 60
13 60
52 18
58 47
57 64
48 9
46 66
14 22
61 32
1 62
9 6
5 63
10 3
27 41
40 15
18 59
4 59
44 31
24 20
54 21
40 27
42 4
19 8
29 20
34 54
24 44
44 29
8 21
60 14
52 20
64 62
36 31
60 16
51 42
33 7
27 58
56 60
37 5
50 48
7 25
12 51
28 20
65 36
6 46
1 39
21 55
55 7
38 23
57 13
11 55
13 65
26 53
5 17
10 63
17 32
6 13
15 60
42 5
48 59
6 60
56 11
1 21
16 23
61 54
57 7
60 35
43 35
21 66
22 49
43 24
1 64
21 10
9 22
18 11
61 15
33 7
9 14
22 56
58 13
2 59
51 38
65 14
30 14
6 12
14 32
45 43
32 38
18 53
50 47
57 63
20 30
27 50
61 27
17 41
21 6
55 52
65 32
63 65
40 13
20 27
43 53
21 14
40 41
24 19
39 56
51 39
55 28
12 35
56 29
50 62
10 38
52 64
39 15
14 32
18 65
2 45
49 44
19 62
43 40
23 13
19 4
22 5
65 56
4 26
44 63
23 7
54 47
17 11
60 58
19 13
27 22
27 65
13 6
1 9
34 17
2 1
50 24
18 64
14 40
42 66