780 780
52 369
369 754
754 407
407 141
141 156
156 236
236 84
84 29
29 528
528 695
695 742
742 381
381 304
304 356
356 739
739 373
373 241
241 542
542 332
332 549
549 772
772 73
73 208
208 447
447 719
719 191
191 379
379 625
625 478
478 357
357 762
762 444
444 182
182 634
634 453
453 364
364 74
74 131
131 65
65 134
134 675
675 287
287 498
498 475
475 30
30 608
608 60
60 255
255 593
593 435
435 81
81 699
699 14
14 513
513 368
368 26
26 279
279 493
493 507
507 615
615 392
392 378
378 371
371 24
24 685
685 388
388 741
741 563
563 101
101 76
76 621
621 768
768 325
325 100
100 212
212 440
440 642
642 630
630 729
729 22
22 296
296 401
401 193
193 303
303 552
552 311
311 603
603 294
294 377
377 215
215 219
219 161
161 168
168 499
499 436
436 522
522 678
678 293
293 202
202 723
723 508
508 745
745 240
240 142
142 515
515 181
181 187
187 589
589 59
59 456
456 735
735 414
414 172
172 136
136 655
655 199
199 159
159 491
491 314
314 121
121 406
406 370
370 464
464 584
584 465
465 661
661 310
310 302
302 258
258 122
122 197
197 339
339 201
201 596
596 269
269 700
700 704
704 254
254 413
413 307
307 9
9 257
257 374
374 737
737 637
637 106
106 632
632 360
360 40
40 656
656 635
635 326
326 421
421 484
484 613
613 616
616 394
394 749
749 776
776 722
722 555
555 98
98 166
166 268
268 196
196 759
759 446
446 419
419 135
135 780
780 248
248 288
288 610
610 341
341 382
382 62
62 21
21 137
137 624
624 298
298 433
433 263
263 481
481 46
46 376
376 237
237 38
38 291
291 714
714 588
588 13
13 362
362 562
562 740
740 227
227 454
454 697
697 594
594 620
620 297
297 175
175 730
730 674
674 684
684 668
668 479
479 33
33 86
86 271
271 648
648 309
309 570
570 726
726 757
757 363
363 677
677 512
512 174
174 42
42 487
487 351
351 366
366 51
51 68
68 305
305 646
646 234
234 323
323 423
423 765
765 95
95 606
606 403
403 267
267 607
607 703
703 756
756 523
523 176
176 152
152 327
327 272
272 417
417 657
657 469
469 82
82 667
667 235
235 582
582 3
3 177
177 733
733 720
720 539
539 585
585 669
669 576
576 300
300 195
195 112
112 626
626 732
732 461
461 119
119 153
153 599
599 125
125 165
165 104
104 631
631 45
45 581
581 242
242 127
127 313
313 452
452 609
609 238
238 322
322 662
662 157
157 173
173 353
353 540
540 355
355 246
246 618
618 497
497 643
643 577
577 474
474 455
455 531
531 428
428 764
764 516
516 636
636 128
128 658
658 198
198 2
2 690
690 224
224 489
489 316
316 476
476 450
450 328
328 672
672 580
580 438
438 244
244 321
321 597
597 687
687 260
260 138
138 548
548 32
32 183
183 284
284 375
375 299
299 748
748 426
426 504
504 397
397 96
96 633
633 758
758 565
565 696
696 706
706 773
773 604
604 243
243 399
399 543
543 411
411 12
12 557
557 44
44 492
492 442
442 110
110 36
36 301
301 665
665 547
547 490
490 140
140 753
753 660
660 23
23 537
537 163
163 485
485 457
457 308
308 261
261 107
107 571
571 252
252 336
336 171
171 190
190 725
725 566
566 747
747 459
459 97
97 738
738 529
529 619
619 63
63 586
586 505
505 760
760 245
245 398
398 34
34 78
78 777
777 312
312 558
558 200
200 400
400 614
614 622
622 402
402 47
47 389
389 79
79 659
659 770
770 102
102 629
629 744
744 340
340 289
289 206
206 372
372 72
72 718
718 761
761 344
344 92
92 716
716 422
422 694
694 75
75 717
717 591
591 27
27 644
644 500
500 262
262 602
602 750
750 460
460 319
319 517
517 282
282 387
387 728
728 145
145 434
434 502
502 778
778 711
711 274
274 211
211 416
416 663
663 214
214 188
188 551
551 471
471 108
108 220
220 383
383 342
342 486
486 524
524 5
5 210
210 518
518 538
538 143
143 331
331 511
511 111
111 385
385 707
707 186
186 495
495 231
231 118
118 564
564 88
88 7
7 203
203 568
568 1
1 149
149 71
71 501
501 185
185 458
458 213
213 647
647 249
249 466
466 228
228 167
167 503
503 645
645 575
575 178
178 265
265 218
218 595
595 223
223 154
154 276
276 550
550 170
170 641
641 25
25 281
281 520
520 430
430 710
710 17
17 519
519 611
611 496
496 437
437 463
463 649
649 77
77 445
445 715
715 53
53 123
123 275
275 283
283 253
253 315
315 763
763 162
162 354
354 731
731 37
37 35
35 569
569 180
180 266
266 509
509 105
105 239
239 43
43 358
358 55
55 713
713 701
701 338
338 87
87 415
415 527
527 346
346 468
468 347
347 561
561 775
775 93
93 448
448 89
89 483
483 146
146 705
705 470
470 205
205 746
746 349
349 233
233 337
337 545
545 693
693 139
139 583
583 536
536 560
560 639
639 352
352 755
755 57
57 179
179 652
652 90
90 290
290 473
473 535
535 664
664 651
651 225
225 278
278 222
222 10
10 256
256 679
679 277
277 559
559 117
117 676
676 66
66 514
514 395
395 482
482 50
50 506
506 144
144 273
273 15
15 148
148 541
541 147
147 530
530 404
404 510
510 324
324 217
217 425
425 623
623 113
113 396
396 408
408 682
682 56
56 8
8 431
431 480
480 320
320 698
698 189
189 427
427 348
348 270
270 130
130 194
194 472
472 712
712 31
31 41
41 285
285 164
164 232
232 556
556 573
573 439
439 286
286 743
743 367
367 83
83 708
708 587
587 230
230 692
692 627
627 204
204 443
443 19
19 554
554 405
405 709
709 671
671 467
467 350
350 391
391 334
334 359
359 390
390 151
151 103
103 192
192 534
534 124
124 751
751 361
361 600
600 94
94 67
67 58
58 365
365 774
774 702
702 533
533 20
20 429
429 727
727 120
120 638
638 115
115 654
654 494
494 410
410 412
412 39
39 292
292 567
567 688
688 544
544 335
335 160
160 592
592 11
11 670
670 85
85 54
54 251
251 771
771 184
184 64
64 114
114 650
650 432
432 329
329 264
264 133
133 680
680 601
601 526
526 724
724 4
4 420
420 477
477 449
449 721
721 666
666 91
91 691
691 109
109 343
343 250
250 752
752 767
767 333
333 330
330 259
259 734
734 247
247 116
116 525
525 673
673 69
69 605
605 99
99 766
766 409
409 216
216 221
221 424
424 129
129 155
155 689
689 386
386 16
16 488
488 418
418 70
70 574
574 49
49 150
150 598
598 653
653 48
48 209
209 345
345 572
572 226
226 132
132 126
126 28
28 393
393 61
61 686
686 317
317 612
612 18
18 158
158 579
579 451
451 521
521 779
779 169
169 681
681 295
295 6
6 640
640 280
280 462
462 441
441 306
306 683
683 628
628 578
578 229
229 207
207 318
318 617
617 380
380 80
80 590
590 769
769 532
532 553
553 384
384 736
736 546
546 52
127
24 4
80 60
81 46
76 101
19 80
106 91
100 32
124 32
67 51
79 58
77 35
53 46
127 72
5 124
54 87
54 12
7 2
100 50
57 92
7 45
32 36
125 104
59 49
111 81
91 100
100 105
85 48
46 27
6 89
60 116
113 41
64 118
107 96
72 88
62 50
127 54
67 21
92 83
75 111
48 17
121 27
29 100
110 84
1 37
1 99
20 33
90 85
107 26
65 78
12 80
67 87
19 77
76 2
3 53
40 64
104 121
100 51
104 114
125 72
13 76
12 32
47 40
63 6
76 16
117 11
12 7
76 33
86 39
6 100
119 25
64 65
76 117
77 117
111 75
104 53
86 44
4 123
112 18
22 74
69 9
42 105
55 58
92 45
58 62
11 95
89 13
72 22
30 119
120 49
49 31
114 61
94 102
117 28
59 7
63 109
70 98
10 119
21 64
9 114
61 87
113 95
26 68
33 98
41 14
44 60
25 87
34 7
91 5
26 22
39 68
101 94
36 68
126 38
23 65
76 48
35 99
44 51
63 107
96 40
98 33
51 59
126 58
8 54
101 105
51 45
27 3
91 82
64 25
110 21
34 17
57 98
111 54
122 13
28 37
105 85
88 42
126 67
111 88
44 125
19 58
89 43
118 75
27 95
1 114
43 127
116 68
28 77
10 78
125 15
57 84
81 63
21 66
123 118
64 83
41 24
81 121
31 112
118 68
120 109
105 3
124 114
15 65
65 38
75 102
55 5
59 24
124 60
39 23
86 41
107 50
70 89
31 123
23 99
105 85
120 40
9 97
15 126
46 92
49 72
56 89
57 85
59 11
36 57
35 23
33 20
33 107
122 38
46 117
18 29
124 45
104 101
49 107
56 126
58 24
43 47
69 49
114 125
18 24
98 96
36 82
32 31
32 19
8 121
83 53
7 123
30 7
119 112
5 95
55 90
6 119
36 2
60 27
117 82
13 39
29 4
43 88
124 18
81 109
11 106
37 38
36 33
61 99
123 112
119 87
109 98
114 117
81 71
76 40
58 126
57 127
114 66
110 90
77 71
59 27
60 103
115 67
12 27
41 33
3 46
58 92
30 112
19 68
37 108
12 33
108 12
44 2
28 51
3 59
112 66
6 63
121 37
126 93
77 120
102 71
78 6
57 31
73 86
20 1
24 112
98 103
98 68
21 62
58 51
41 105
48 45
76 59
100 90
31 113
73 43
88 86
121 84
124 79
14 99
73 43
87 116
55 79
67 62
44 80
76 66
108 112
117 91
36 32
75 69
39 42
11 88
52 87
16 92
118 57
93 80
73 30
3 34
69 113
91 4
52 17
4 13
3 89
30 52
78 53
36 102
85 80
100 43
12 24
7 100
91 88
99 49
89 59
49 120
30 37
9 102
16 126
84 95
93 46
72 35
12 126
72 83
57 37
57 45
127 3
12 82
55 60
58 125
40 35
13 48
55 123
6 8
55 11
11 46
45 110
103 4
64 52
81 116
78 17
82 107
69 115
124 71
87 44
55 21
56 103
109 9
3 118
89 14
99 13
7 112
76 42
124 20
75 126
110 10
92 6
26 28
114 119
93 41
22 3
17 94
97 119
124 82
78 3
44 115
124 53
24 73
116 8
125 80
3 67
26 4
116 32
18 116
6 109
73 116
102 100
89 79
106 126
100 116
111 40
72 41
49 54
44 108
40 39
86 22
90 24
110 7
100 19
11 1
121 64
123 71
63 68
125 100
113 116
105 35
54 79
109 44
87 27
114 57
103 117
119 118
90 34
1 69
60 41
97 20
37 57
80 127
74 24
83 102
42 7
112 49
119 90
46 106
50 23
50 39
44 119
55 74
106 32
6 79
105 74
72 103
63 33
46 68
80 103
119 60
55 114
11 15
117 79
111 116
58 26
50 124
122 2
59 94
122 9
98 122
127 113
32 116
105 99
57 82
85 116
54 66
98 56
41 13
105 79
6 51
9 18
110 87
43 17
14 88
65 69
19 6
50 76
23 104
61 111
44 65
41 31
59 103
28 112
78 1
75 72
56 122
110 14
18 56
67 14
22 120
68 121
111 68
70 92
4 84
12 53
48 12
95 2
30 41
114 53
72 98
37 116
78 112
102 62
125 29
74 51
118 23
2 116
104 42
48 18
101 106
120 40
15 94
87 54
84 100
114 20
58 64
57 53
120 101
30 75
127 89
55 103
4 74
1 58
10 34
22 119
80 122
92 85
94 53
81 99
54 109
55 57
2 117
39 14
10 56
118 2
23 111
114 20
48 9
60 107
103 89
74 30
27 15
101 26
20 39
37 11
19 116
28 39
2 55
26 70
30 2
79 25
32 118
40 13
19 65
34 50
29 94
106 39
27 100
120 112
59 44
56 44
33 20
76 43
115 57
45 72
103 82
96 83
110 53
3 53
83 75
74 8
93 101
35 26
57 46
98 34
78 20
91 8
8 112
109 70
60 116
85 63
9 118
96 86
18 63
34 6
72 46
15 95
23 30
11 109
52 49
95 1
106 51
38 42
73 63
75 13
15 107
106 50
13 115
28 55
56 35
82 40
92 58
118 41
94 51
26 107
108 40
82 16
24 86
28 76
49 82
13 1
60 1
27 111
20 86
79 50
62 22
40 92
96 127
109 15
115 27
108 10
45 9
14 23
7 64
104 11
91 27
42 63
84 86
104 124
103 120
51 71
125 65
103 108
46 68
123 63
104 120
68 13
41 113
99 74
92 104
17 111
126 9
106 120
10 116
15 111
49 78
25 19
12 72
42 22
73 20
11 60
18 64
94 114
114 9
95 120
29 24
72 83
16 127
86 4
51 6
44 61
87 109
104 109
25 88
14 6
55 97
116 50
24 121
64 86
12 95
115 74
123 79
62 51
62 78
52 120
78 22
70 85
71 105
122 115
115 88
63 50
85 102
98 20
70 100
80 9
39 124
35 84
31 12
5 53
64 19
47 77
15 105
116 126
125 88
101 44
120 108
29 75
101 115
75 115
75 39
30 29
121 74
76 30
90 92
11 105
87 107
52 8
23 19
49 86
84 18
69 48
48 3
43 121
119 28
72 110
116 117
94 72
120 51
35 93
43 120
20 22
95 58
49 114
98 109
46 82
64 44
91 65
54 46
122 77
71 123
112 20
66 127
121 86
85 74
34 75
123 96
117 58
104 68
45 47
94 81
100 1
19 65
96 102
30 127
13 93
67 9
104 17
45 63
20 118
122 126
113 112
19 12
63 110
91 72
70 45
84 8
36 56
52 37
51 34
100 28
93 71
68 12
98 38
80 94
105 70
112 74
119 127
72 57
64 118
67 71
36 17
24 103
7 104
23 47
57 29
87 20
73 77
21 94
55 48
85 78
85 56
7 4
91 81
95 119
52 26
76 38
101 5
82 30
76 16
97 80
62 27
15 69
90 101
106 64
70 88
115 16
43 102
2 25
9 87
18 68
71 34
114 24
9 94
119 55
96 119
75 103
80 41
112 56
87 49
33 123
51 56
10 77
47 83