560 560
237 176
176 514
514 193
193 167
167 93
93 215
215 331
331 251
251 70
70 16
16 426
426 529
529 352
352 26
26 558
558 266
266 231
231 124
124 291
291 456
456 213
213 206
206 346
346 170
170 247
247 158
158 217
217 317
317 492
492 546
546 166
166 278
278 389
389 425
425 444
444 108
108 301
301 223
223 112
112 407
407 149
149 295
295 464
464 446
446 24
24 204
204 545
545 52
52 47
47 310
310 164
164 55
55 249
249 12
12 102
102 342
342 376
376 556
556 543
543 241
241 451
451 321
321 224
224 256
256 268
268 111
111 128
128 554
554 373
373 508
508 64
64 209
209 324
324 555
555 363
363 413
413 303
303 375
375 418
418 261
261 323
323 318
318 144
144 113
113 471
471 168
168 465
465 478
478 38
38 541
541 322
322 23
23 200
200 421
421 327
327 199
199 95
95 401
401 87
87 481
481 340
340 211
211 540
540 99
99 120
120 169
169 6
6 5
5 46
46 360
360 72
72 531
531 132
132 221
221 122
122 530
530 432
432 431
431 109
109 65
65 320
320 27
27 399
399 35
35 453
453 13
13 319
319 381
381 498
498 31
31 532
532 397
397 284
284 414
414 479
479 423
423 194
194 150
150 437
437 146
146 107
107 439
439 415
415 258
258 341
341 126
126 542
542 326
326 311
311 447
447 305
305 366
366 22
22 461
461 536
536 40
40 491
491 398
398 370
370 195
195 553
553 17
17 201
201 428
428 207
207 49
49 60
60 53
53 275
275 533
533 116
116 348
348 448
448 18
18 129
129 438
438 137
137 34
34 139
139 138
138 518
518 85
85 56
56 442
442 163
163 339
339 265
265 127
127 229
229 230
230 14
14 142
142 205
205 100
100 82
82 151
151 244
244 329
329 214
214 260
260 264
264 186
186 94
94 309
309 20
20 372
372 77
77 220
220 197
197 41
41 330
330 254
254 154
154 37
37 526
526 361
361 274
274 551
551 396
396 182
182 460
460 517
517 208
208 180
180 243
243 412
412 474
474 472
472 219
219 371
371 271
271 250
250 306
306 296
296 293
293 239
239 257
257 61
61 489
489 417
417 510
510 141
141 338
338 385
385 443
443 57
57 298
298 98
98 39
39 337
337 276
276 503
503 297
297 42
42 181
181 424
424 196
196 9
9 69
69 2
2 336
336 161
161 30
30 123
123 390
390 246
246 79
79 282
282 509
509 240
240 8
8 43
43 155
155 463
463 484
484 345
345 436
436 513
513 467
467 470
470 369
369 552
552 486
486 409
409 290
290 289
289 73
73 281
281 134
134 495
495 449
449 173
173 288
288 157
157 302
302 547
547 32
32 172
172 68
68 174
174 440
440 299
299 292
292 468
468 528
528 493
493 312
312 36
36 475
475 252
252 136
136 410
410 114
114 367
367 245
245 78
78 362
362 119
119 133
133 84
84 458
458 140
140 54
54 187
187 534
534 277
277 191
191 523
523 487
487 403
403 429
429 188
188 344
344 537
537 356
356 67
67 400
400 316
316 226
226 388
388 74
74 405
405 380
380 315
315 452
452 184
184 156
156 238
238 267
267 259
259 502
502 434
434 521
521 548
548 404
404 117
117 145
145 210
210 384
384 273
273 19
19 21
21 255
255 143
143 392
392 378
378 559
559 335
335 97
97 118
118 287
287 147
147 353
353 218
218 81
81 394
394 333
333 374
374 228
228 347
347 248
248 92
92 125
125 233
233 382
382 391
391 343
343 519
519 86
86 33
33 76
76 130
130 286
286 476
476 222
222 483
483 395
395 383
383 294
294 96
96 202
202 359
359 75
75 4
4 110
110 560
560 103
103 279
279 550
550 159
159 50
50 411
411 488
488 358
358 351
351 402
402 253
253 334
334 357
357 386
386 25
25 354
354 328
328 162
162 101
101 280
280 262
262 44
44 283
283 535
535 192
192 557
557 525
525 455
455 28
28 3
3 454
454 504
504 104
104 350
350 15
15 203
203 177
177 272
272 91
91 466
466 387
387 135
135 522
522 459
459 469
469 422
422 29
29 66
66 190
190 365
365 427
427 89
89 45
45 500
500 235
235 499
499 307
307 524
524 477
477 59
59 505
505 11
11 496
496 227
227 308
308 121
121 152
152 419
419 332
332 179
179 490
490 225
225 270
270 178
178 539
539 355
355 520
520 263
263 90
90 420
420 300
300 430
430 507
507 234
234 512
512 497
497 153
153 435
435 148
148 364
364 106
106 313
313 183
183 88
88 105
105 198
198 160
160 527
527 480
480 485
485 175
175 349
349 83
83 511
511 185
185 63
63 408
408 314
314 1
1 506
506 516
516 171
171 7
7 304
304 368
368 393
393 285
285 165
165 515
515 433
433 406
406 450
450 216
216 62
62 236
236 71
71 325
325 379
379 441
441 482
482 494
494 10
10 131
131 269
269 473
473 232
232 416
416 115
115 212
212 549
549 48
48 58
58 544
544 189
189 501
501 538
538 242
242 445
445 51
51 80
80 457
457 462
462 377
377 237
66
66 46
39 56
34 42
37 31
14 6
16 22
57 33
1 9
2 22
60 61
51 64
31 66
5 26
32 22
2 41
61 63
17 15
27 2
30 60
44 55
64 13
21 3
35 12
11 34
38 22
56 7
38 43
47 17
63 29
46 32
41 56
58 15
5 33
21 39
52 40
59 7
28 1
40 50
63 40
36 8
62 16
3 31
50 51
26 31
8 57
9 40
61 38
15 41
62 58
52 47
65 49
44 51
6 34
35 30
41 25
31 66
5 10
64 8
63 26
61 60
1 3
50 13
11 16
40 58
2 22
40 5
35 32
58 21
2 56
18 25
29 47
2 59
15 29
43 63
15 35
18 12
36 2
6 62
23 24
49 40
23 63
22 61
5 21
49 15
55 22
13 32
38 29
63 27
65 35
27 43
2 39
37 52
2 21
7 50
22 57
15 40
64 32
52 27
5 15
36 6
9 20
35 55
24 7
66 46
15 40
22 54
60 30
63 41
63 31
6 43
60 49
56 23
54 24
41 63
28 32
58 48
16 12
45 46
38 2
15 19
64 5
31 17
4 60
41 11
38 62
13 40
16 24
1 32
23 48
49 44
42 9
41 57
64 52
52 65
49 26
20 24
61 62
14 65
33 19
26 36
9 51
57 10
27 54
56 13
18 3
8 50
51 41
40 22
27 47
9 21
42 36
9 27
35 32
18 39
54 56
20 51
24 43
49 3
62 43
10 20
4 20
15 17
59 22
14 5
8 13
17 60
18 31
54 55
60 16
53 14
30 1
3 41
50 13
11 15
45 32
58 38
35 43
30 13
58 31
50 44
62 25
55 31
22 10
14 28
44 27
38 23
46 52
37 39
18 43
35 26
43 39
45 61
52 30
15 43
20 51
27 5
18 32
24 5
54 59
21 38
14 29
62 14
40 17
17 55
24 9
9 52
50 43
13 24
4 59
6 25
38 43
3 7
14 8
45 61
60 13
42 3
27 23
65 45
27 24
58 62
36 34
21 48
52 19
63 27
3 31
42 19
2 5
22 31
36 2
42 21
12 34
42 17
1 15
2 42
40 16
30 12
17 16
45 57
16 46
31 30
8 31
4 17
15 36
40 14
47 43
57 5
64 38
35 40
44 25
23 48
30 52
15 18
4 51
52 53
19 54
42 23
46 33
23 41
38 59
1 18
15 57
6 2
63 51
60 39
14 3
57 64
48 63
46 55
29 7
32 52
52 54
47 33
37 24
36 40
9 56
64 42
47 24
35 45
42 19
21 46
32 48
20 33
42 37
60 26
60 12
12 50
25 19
2 20
48 14
60 8
16 46
44 27
39 22
7 24
56 40
36 2
11 66
37 2
17 65
2 60
51 57
19 35
35 48
45 56
15 40
52 30
25 3
9 48
44 63
66 11
39 5
13 63
52 45
37 46
54 6
57 5
39 4
4 40
49 56
23 60
57 22
15 9
60 36
7 56
28 34
38 19
21 55
12 24
30 28
47 24
33 59
55 24
62 59
42 28
1 54
44 5
65 20
3 25
53 60
37 52
27 18
4 2
16 61
50 20
38 62
6 50
54 37
7 40
56 21
14 31
30 27
4 19
20 16
17 56
51 44
10 52
33 48
49 44
60 8
17 15
43 13
17 44
40 15
27 23
53 5
13 52
27 51
27 40
24 55
41 19
8 26
19 2
39 34
66 5
29 55
37 1
10 48
55 2
60 46
58 20
56 63
46 12
66 39
48 40
58 25
53 54
38 6
11 36
28 20
46 58
66 5
62 33
16 44
50 34
45 1
28 66
41 6
41 52
19 10
30 10
2 16
56 14
42 62
51 42
43 16
16 10
50 58
11 66
40 60
30 43
39 21
65 23
66 61
66 44
10 44
14 43
20 44
59 57
32 27
4 49
8 23
25 41
56 52
40 38
4 12
53 23
25 27
10 29
15 58
30 35
16 26
27 19
25 24
57 50
55 3
23 39
31 44
53 48
22 56
8 65
56 40
13 29
11 27
27 28
43 4
17 23
62 61
66 20
46 31
6 23
66 6
5 14
7 26
37 34
57 56
27 49
12 39
61 64
34 11
16 40
33 26
65 12
52 66
20 42
58 24
3 39
40 29
50 31
3 44
42 46
13 44
52 61
59 23
12 61
19 29
14 6
2 44
24 38
39 10
32 51
5 53
42 62
19 23
60 16
10 61
11 50
54 31
64 49
16 14
17 8
11 25
33 28
57 49
40 22
28 64
44 62
61 4
59 63
56 29
51 38
17 21
62 59
33 8
26 39
40 61
21 8
42 37
2 66
34 54
7 40
59 36
20 33
53 50
38 3
29 5
14 48
11 38
35 49
16 24
44 49
66 9
4 19
3 20
26 46
63 23
30 61
16 60
3 26
5 59
40 39
58 19
48 5
4 64
2 29
11 21
25 31
47 55
35 30
7 66
38 4
59 60
8 52
60 13
57 22
51 54
57 41
59 37
45 37
50 4
19 4
37 3
2 34
9 3
26 37
35 47
6 59
10 24
66 37
17 25
5 28