340 340
258 241
241 25
25 122
122 44
44 110
110 56
56 55
55 99
99 116
116 297
297 246
246 109
109 38
38 267
267 94
94 273
273 119
119 100
100 60
60 189
189 17
17 317
317 21
21 14
14 176
176 36
36 168
168 236
236 247
247 290
290 271
271 16
16 162
162 272
272 197
197 285
285 322
322 53
53 96
96 205
205 40
40 130
130 292
292 256
256 240
240 191
191 252
252 98
98 135
135 227
227 104
104 254
254 158
158 298
298 115
115 226
226 335
335 337
337 5
5 1
1 281
281 196
196 280
280 260
260 213
213 304
304 230
230 202
202 291
291 329
329 223
223 175
175 206
206 253
253 224
224 288
288 41
41 97
97 289
289 268
268 37
37 257
257 323
323 174
174 117
117 209
209 293
293 150
150 232
232 113
113 156
156 26
26 211
211 125
125 157
157 184
184 275
275 325
325 127
127 301
301 165
165 239
239 221
221 204
204 70
70 12
12 177
177 134
134 24
24 318
318 142
142 7
7 124
124 208
208 136
136 340
340 169
169 137
137 283
283 65
65 39
39 234
234 58
58 22
22 128
128 112
112 43
43 269
269 132
132 131
131 307
307 302
302 164
164 194
194 93
93 198
198 181
181 8
8 321
321 87
87 106
106 248
248 217
217 72
72 172
172 180
180 151
151 92
92 107
107 328
328 6
6 294
294 193
193 242
242 9
9 20
20 18
18 77
77 79
79 284
284 62
62 333
333 46
46 31
31 75
75 80
80 212
212 139
139 59
59 255
255 314
314 173
173 10
10 63
63 309
309 133
133 264
264 266
266 279
279 47
47 88
88 73
73 218
218 147
147 13
13 222
222 319
319 129
129 225
225 265
265 118
118 149
149 71
71 163
163 50
50 160
160 28
28 311
311 339
339 334
334 95
95 108
108 259
259 171
171 251
251 3
3 277
277 84
84 82
82 178
178 244
244 282
282 313
313 261
261 91
91 216
216 146
146 192
192 249
249 23
23 29
29 299
299 85
85 153
153 250
250 276
276 229
229 155
155 167
167 64
64 61
61 19
19 45
45 331
331 306
306 102
102 48
48 140
140 183
183 68
68 315
315 231
231 144
144 300
300 152
152 15
15 78
78 336
336 312
312 145
145 54
54 215
215 235
235 86
86 201
201 263
263 237
237 105
105 2
2 214
214 143
143 42
42 303
303 67
67 182
182 114
114 35
35 81
81 27
27 207
207 89
89 66
66 219
219 188
188 190
190 245
245 200
200 4
4 11
11 170
170 51
51 83
83 159
159 326
326 166
166 120
120 141
141 308
308 320
320 332
332 101
101 195
195 296
296 138
138 210
210 199
199 228
228 316
316 111
111 305
305 324
324 34
34 33
33 338
338 74
74 52
52 243
243 238
238 161
161 330
330 187
187 103
103 274
274 76
76 203
203 262
262 286
286 57
57 295
295 270
270 32
32 30
30 121
121 220
220 69
69 327
327 90
90 310
310 148
148 126
126 185
185 233
233 154
154 179
179 49
49 186
186 278
278 123
123 287
287 258
5
4 2
5 1
4 1
4 2
3 1
4 5
4 1
2 3
1 2
4 1
3 2
1 5
1 2
4 3
2 5
1 3
5 3
2 4
3 2
1 5
3 4
4 5
2 5
5 4
5 1
5 2
2 5
3 4
1 4
5 1
2 4
1 2
5 3
5 4
1 4
2 5
4 5
3 5
2 5
2 1
4 1
3 1
5 3
5 3
3 4
4 5
3 5
1 4
5 2
3 4
5 1
4 2
5 4
3 5
2 1
5 3
1 2
3 5
1 3
2 5
1 4
2 3
4 5
4 1
1 5
3 4
5 3
3 2
5 4
5 4
2 3
1 4
2 4
4 3
5 1
5 2
1 3
3 4
4 1
4 2
2 3
1 3
2 1
5 1
1 4
5 3
1 4
3 1
3 4
3 2
3 4
1 2
5 3
4 2
2 4
3 5
5 1
3 1
5 4
5 2
2 1
2 5
5 1
4 1
4 1
5 4
5 4
2 3
1 3
2 1
2 4
2 3
4 5
2 4
5 1
3 5
3 2
1 4
4 2
5 1
2 1
4 2
2 5
3 2
3 5
2 1
3 4
2 5
2 5
1 3
4 3
5 4
2 4
5 1
2 3
3 2
3 5
1 2
1 5
1 2
5 1
1 2
2 5
1 4
5 3
5 1
3 2
5 3
5 2
4 2
5 1
2 4
5 4
5 1
3 2
5 1
5 3
4 5
1 3
2 1
3 4
4 3
5 4
4 2
2 5
5 4
3 5
5 3
2 1
5 3
3 2
3 1
5 4
2 1
5 2
1 5
1 2
3 4
5 1
1 3
1 5
2 3
1 2
4 5
4 5
4 3
3 5
5 3
2 4
2 3
3 5
3 4
5 4
1 3
3 2
4 5
2 3
4 3
2 3
1 3
2 4
3 4
2 3
2 1
3 5
3 5
1 5
3 5
1 5
2 5
5 3
5 3
4 1
1 3
5 4
2 4
3 5
3 5
3 1
3 2
1 2
2 1
2 5
1 3
5 4
1 2
1 2
2 4
3 4
3 2
2 3
4 2
4 2
4 1
3 4
2 4
4 3
4 1
4 3
2 5
3 2
1 4
5 1
5 2
5 4
3 2
1 2
5 1
3 5
1 4
4 5
3 1
3 1
5 4
4 1
5 3
1 2
3 2
1 2
4 3
2 1
5 4
1 3
5 3
2 5
2 3
4 5
4 2
1 3
1 3
2 1
3 5
4 1
3 4
5 1
2 5
3 1
4 2
2 3
2 4
2 4
3 5
2 3
5 3
1 5
5 2
1 4
4 5
5 2
1 5
2 4
3 4
1 5
2 4
3 4
5 2
5 4
1 2
1 3
2 5
3 4
2 4
4 2
1 2
5 3
5 4
4 2
5 1
5 3
1 2
1 4
1 5
4 2
3 2
4 1
1 2
2 3
3 1
5 4
2 4
4 2
4 5
2 3
2 3
2 1
2 4
4 5
2 1
2 3
3 1
3 2
4 2
5 4
4 2
1 4
2 3
2 4
3 1
2 1
4 5