120 120
48 70
70 51
51 102
102 56
56 58
58 6
6 33
33 89
89 67
67 64
64 84
84 80
80 18
18 57
57 60
60 91
91 43
43 23
23 93
93 98
98 107
107 32
32 19
19 21
21 78
78 49
49 61
61 104
104 15
15 46
46 87
87 36
36 119
119 28
28 44
44 54
54 82
82 63
63 116
116 65
65 97
97 103
103 62
62 12
12 83
83 31
31 52
52 108
108 118
118 94
94 41
41 74
74 111
111 105
105 17
17 53
53 5
5 59
59 77
77 114
114 68
68 8
8 90
90 38
38 66
66 9
9 86
86 73
73 88
88 10
10 100
100 16
16 11
11 27
27 95
95 99
99 30
30 13
13 35
35 4
4 113
113 81
81 34
34 2
2 3
3 110
110 14
14 55
55 115
115 25
25 50
50 42
42 1
1 112
112 40
40 20
20 47
47 79
79 45
45 96
96 29
29 71
71 106
106 75
75 24
24 101
101 109
109 22
22 39
39 117
117 69
69 37
37 92
92 85
85 7
7 26
26 76
76 72
72 120
120 48
5
3 2
3 4
1 3
3 1
4 2
2 5
5 4
3 1
5 2
2 3
5 3
3 5
2 5
1 2
1 3
5 1
1 4
4 3
4 2
2 3
4 3
5 1
3 2
4 2
2 1
2 5
5 2
2 4
5 3
1 3
4 3
5 1
5 3
5 3
2 3
2 4
4 3
5 2
3 4
4 5
3 2
1 3
1 3
5 1
2 4
3 5
1 5
3 5
3 4
1 4
2 1
4 3
1 5
3 4
4 5
3 1
1 4
5 1
1 3
2 3
5 2
5 4
2 5
3 1
4 5
5 1
1 2
1 5
1 5
3 2
3 1
1 3
2 3
3 2
5 3
1 3
3 1
4 1
3 2
3 5
4 5
4 1
5 4
3 2
1 5
5 4
1 4
2 4
1 2
2 1
4 5
5 3
4 2
3 5
1 4
1 3
2 5
1 5
5 3
2 1
5 4
2 4
2 5
4 1
3 1
4 3
4 2
4 3
5 2
3 1
1 4
2 1
2 4
3 5
4 1
5 3
5 1
5 2
3 4
1 3