230 230
33 196
196 223
223 112
112 210
210 44
44 200
200 1
1 218
218 204
204 193
193 24
24 58
58 137
137 63
63 215
215 100
100 170
170 86
86 176
176 229
229 171
171 118
118 108
108 131
131 96
96 20
20 128
128 105
105 84
84 187
187 208
208 27
27 133
133 25
25 82
82 217
217 173
173 91
91 7
7 192
192 165
165 26
26 102
102 184
184 41
41 21
21 228
228 174
174 8
8 117
117 107
107 147
147 227
227 212
212 161
161 29
29 153
153 211
211 93
93 31
31 49
49 139
139 113
113 36
36 129
129 12
12 72
72 146
146 85
85 52
52 78
78 124
124 127
127 23
23 59
59 106
106 64
64 51
51 77
77 141
141 83
83 120
120 71
71 191
191 47
47 99
99 186
186 66
66 116
116 43
43 87
87 73
73 155
155 13
13 190
190 156
156 126
126 164
164 213
213 182
182 4
4 230
230 57
57 80
80 180
180 37
37 221
221 56
56 98
98 226
226 206
206 154
154 28
28 3
3 18
18 110
110 53
53 35
35 103
103 54
54 158
158 119
119 225
225 17
17 46
46 197
197 185
185 144
144 6
6 209
209 201
201 15
15 159
159 55
55 104
104 40
40 183
183 81
81 130
130 194
194 65
65 94
94 69
69 222
222 205
205 150
150 2
2 61
61 32
32 199
199 149
149 152
152 151
151 134
134 175
175 135
135 89
89 76
76 179
179 160
160 220
220 19
19 48
48 145
145 138
138 79
79 188
188 143
143 198
198 92
92 162
162 45
45 50
50 219
219 9
9 30
30 14
14 42
42 10
10 5
5 181
181 95
95 168
168 207
207 38
38 75
75 177
177 39
39 166
166 97
97 68
68 216
216 121
121 163
163 148
148 88
88 224
224 11
11 157
157 195
195 122
122 74
74 70
70 189
189 167
167 60
60 114
114 67
67 101
101 202
202 115
115 111
111 90
90 132
132 169
169 142
142 62
62 214
214 140
140 109
109 123
123 136
136 16
16 125
125 172
172 203
203 178
178 22
22 34
34 33
5
2 4
2 1
1 3
3 1
2 3
3 1
1 3
5 3
2 1
2 1
3 4
1 3
1 2
4 3
5 3
2 4
4 5
1 5
1 2
3 2
5 1
1 5
3 2
4 5
4 5
2 5
5 1
2 4
2 5
1 3
5 3
5 2
1 5
5 2
3 4
5 3
2 1
3 5
5 2
2 1
3 4
1 5
4 5
1 3
4 1
5 3
5 4
2 1
3 4
2 4
1 3
1 4
2 5
1 4
5 4
3 1
1 2
1 3
2 3
1 3
2 5
3 4
4 1
4 1
1 3
1 5
4 1
1 4
1 4
1 5
1 3
1 2
4 1
1 4
1 4
5 2
3 2
3 2
2 4
1 5
1 4
3 5
2 5
3 4
1 3
3 2
5 1
5 4
4 5
4 5
4 1
2 5
2 5
1 3
2 1
1 4
3 5
2 1
2 3
1 5
4 2
4 2
5 2
1 2
3 4
2 1
3 1
3 5
3 5
2 5
5 1
3 1
2 3
2 5
3 5
5 4
5 1
3 1
4 3
3 1
3 1
1 5
5 2
2 3
5 1
4 1
4 3
2 5
1 3
2 3
1 5
3 5
5 4
4 3
4 1
3 4
3 2
4 5
2 3
2 5
5 2
4 3
2 4
5 4
2 4
4 2
4 1
1 5
1 3
3 2
4 5
3 1
2 1
5 4
4 3
1 5
3 4
3 5
1 5
1 2
5 3
4 1
5 2
3 1
2 5
5 3
1 2
5 4
5 1
2 3
2 4
1 3
5 2
4 5
2 5
1 3
4 5
3 1
5 2
4 1
1 4
5 3
1 4
1 4
1 3
1 2
4 2
2 3
2 3
5 3
5 1
4 3
3 4
4 3
2 3
1 3
5 3
1 3
4 3
3 2
1 3
3 2
1 5
2 5
5 4
2 4
5 1
1 4
2 4
5 3
3 1
3 5
3 5
3 4
4 1
4 1
1 4
5 3
5 4
5 4
4 1
5 3
1 4
4 3
5 3
4 3
4 5
1 4
5 4
5 2