890 890
379 522
522 349
349 805
805 392
392 365
365 16
16 171
171 500
500 164
164 837
837 706
706 21
21 187
187 579
579 618
618 237
237 345
345 756
756 255
255 715
715 871
871 794
794 393
393 558
558 270
270 477
477 746
746 431
431 493
493 373
373 836
836 863
863 758
758 617
617 179
179 228
228 416
416 456
456 225
225 554
554 702
702 585
585 386
386 512
512 214
214 570
570 82
82 770
770 511
511 478
478 640
640 695
695 885
885 449
449 19
19 389
389 112
112 77
77 642
642 429
429 184
184 498
498 690
690 27
27 513
513 663
663 797
797 472
472 669
669 771
771 433
433 177
177 551
551 499
499 649
649 103
103 113
113 682
682 490
490 751
751 295
295 672
672 363
363 853
853 811
811 543
543 865
865 874
874 298
298 890
890 330
330 717
717 254
254 299
299 76
76 870
870 659
659 421
421 339
339 580
580 662
662 800
800 193
193 851
851 434
434 665
665 310
310 867
867 774
774 743
743 154
154 822
822 660
660 722
722 384
384 313
313 238
238 728
728 246
246 404
404 561
561 826
826 353
353 60
60 620
620 835
835 467
467 670
670 524
524 651
651 97
97 635
635 720
720 88
88 172
172 95
95 737
737 552
552 168
168 332
332 614
614 126
126 586
586 821
821 806
806 787
787 438
438 114
114 248
248 7
7 323
323 383
383 845
845 402
402 584
584 285
285 115
115 631
631 346
346 487
487 531
531 91
91 194
194 51
51 268
268 100
100 71
71 85
85 125
125 716
716 733
733 145
145 146
146 424
424 745
745 485
485 140
140 93
93 20
20 632
632 457
457 387
387 92
92 148
148 546
546 812
812 510
510 443
443 226
226 49
49 492
492 412
412 583
583 188
188 707
707 380
380 790
790 210
210 468
468 343
343 64
64 858
858 84
84 539
539 259
259 793
793 483
483 59
59 484
484 727
727 508
508 710
710 132
132 304
304 98
98 549
549 881
881 667
667 461
461 538
538 119
119 382
382 116
116 128
128 258
258 30
30 780
780 173
173 482
482 267
267 10
10 203
203 351
351 414
414 734
734 436
436 131
131 847
847 856
856 506
506 464
464 446
446 769
769 764
764 57
57 157
157 459
459 803
803 563
563 358
358 732
732 247
247 109
109 816
816 150
150 608
608 488
488 610
610 802
802 753
753 293
293 441
441 557
557 869
869 1
1 664
664 444
444 860
860 628
628 244
244 369
369 450
450 818
818 775
775 415
415 18
18 67
67 590
590 604
604 2
2 297
297 277
277 533
533 401
401 598
598 269
269 883
883 537
537 494
494 408
408 767
767 221
221 749
749 574
574 872
872 630
630 81
81 564
564 548
548 658
658 190
190 451
451 149
149 882
882 231
231 550
550 657
657 273
273 701
701 5
5 744
744 420
420 367
367 857
857 568
568 594
594 181
181 41
41 612
612 22
22 241
241 786
786 312
312 587
587 11
11 249
249 503
503 879
879 370
370 648
648 624
624 684
684 627
627 182
182 134
134 223
223 708
708 719
719 765
765 887
887 287
287 151
151 288
288 377
377 623
623 641
641 437
437 714
714 876
876 453
453 333
333 801
801 130
130 220
220 814
814 740
740 219
219 213
213 142
142 515
515 209
209 848
848 419
419 80
80 368
368 279
279 566
566 318
318 348
348 495
495 306
306 809
809 335
335 283
283 653
653 824
824 625
625 222
222 686
686 233
233 556
556 423
423 688
688 481
481 156
156 854
854 593
593 296
296 329
329 161
161 634
634 108
108 242
242 536
536 616
616 316
316 792
792 839
839 344
344 48
48 117
117 9
9 544
544 652
652 699
699 425
425 263
263 504
504 681
681 655
655 638
638 569
569 200
200 447
447 189
189 866
866 24
24 325
325 141
141 785
785 152
152 58
58 355
355 527
527 257
257 201
201 191
191 411
411 479
479 107
107 656
656 347
347 204
204 294
294 357
357 153
153 724
724 633
633 252
252 185
185 505
505 567
567 763
763 110
110 723
723 239
239 693
693 542
542 645
645 308
308 726
726 55
55 796
796 789
789 573
573 615
615 139
139 828
828 595
595 844
844 62
62 212
212 637
637 199
199 760
760 577
577 331
331 678
678 859
859 680
680 136
136 35
35 305
305 129
129 469
469 364
364 873
873 555
555 772
772 45
45 673
673 376
376 738
738 463
463 868
868 709
709 606
606 309
309 374
374 34
34 338
338 105
105 44
44 180
180 54
54 547
547 276
276 391
391 250
250 576
576 509
509 703
703 32
32 50
50 855
855 432
432 589
589 290
290 541
541 694
694 711
711 137
137 496
496 215
215 671
671 253
253 862
862 833
833 178
178 602
602 435
435 521
521 442
442 322
322 621
621 292
292 15
15 825
825 72
72 144
144 266
266 23
23 601
601 831
831 175
175 302
302 29
29 639
639 729
729 578
578 520
520 282
282 352
352 889
889 37
37 581
581 102
102 605
605 445
445 452
452 417
417 236
236 170
170 473
473 390
390 400
400 427
427 603
603 39
39 208
208 207
207 216
216 324
324 375
375 430
430 303
303 529
529 413
413 120
120 518
518 307
307 841
841 36
36 362
362 629
629 326
326 230
230 284
284 361
361 83
83 674
674 418
418 820
820 251
251 613
613 849
849 403
403 124
124 90
90 122
122 752
752 471
471 718
718 218
218 698
698 371
371 514
514 281
281 880
880 588
588 700
700 205
205 878
878 350
350 535
535 311
311 147
147 372
372 647
647 731
731 163
163 118
118 328
328 636
636 666
666 768
768 378
378 476
476 96
96 600
600 781
781 43
43 87
87 759
759 245
245 888
888 319
319 169
169 747
747 480
480 394
394 582
582 530
530 677
677 360
360 559
559 705
705 534
534 69
69 532
532 186
186 741
741 26
26 6
6 183
183 75
75 609
609 63
63 398
398 138
138 70
70 516
516 757
757 750
750 354
354 327
327 798
798 502
502 286
286 12
12 359
359 572
572 644
644 206
206 571
571 68
68 721
721 314
314 458
458 807
807 462
462 202
202 460
460 229
229 575
575 654
654 791
791 755
755 810
810 470
470 397
397 321
321 278
278 454
454 8
8 852
852 135
135 766
766 838
838 196
196 315
315 813
813 884
884 842
842 540
540 341
341 162
162 291
291 525
525 74
74 748
748 217
217 407
407 53
53 827
827 440
440 646
646 28
28 14
14 712
712 410
410 155
155 192
192 271
271 235
235 877
877 167
167 127
127 342
342 777
777 38
38 356
356 675
675 676
676 56
56 817
817 886
886 683
683 99
99 133
133 211
211 52
52 843
843 611
611 405
405 340
340 31
31 622
622 778
778 591
591 79
79 366
366 517
517 808
808 78
78 395
395 123
123 619
619 198
198 243
243 42
42 106
106 33
33 272
272 829
829 815
815 507
507 691
691 689
689 697
697 830
830 491
491 762
762 234
234 422
422 275
275 823
823 337
337 735
735 3
3 795
795 4
4 553
553 381
381 687
687 260
260 336
336 47
47 65
65 388
388 773
773 679
679 685
685 475
475 501
501 523
523 227
227 111
111 195
195 668
668 301
301 265
265 832
832 466
466 73
73 280
280 725
725 256
256 626
626 40
40 396
396 197
197 448
448 428
428 804
804 455
455 166
166 66
66 497
497 736
736 779
779 597
597 599
599 232
232 607
607 426
426 261
261 289
289 89
89 713
713 730
730 465
465 592
592 334
334 439
439 320
320 754
754 643
643 406
406 799
799 696
696 739
739 300
300 875
875 17
17 176
176 224
224 761
761 174
174 86
86 101
101 519
519 489
489 861
861 650
650 850
850 121
121 317
317 545
545 159
159 840
840 776
776 526
526 13
13 399
399 704
704 846
846 596
596 385
385 165
165 819
819 143
143 94
94 262
262 864
864 158
158 782
782 565
565 409
409 264
264 562
562 784
784 25
25 661
661 46
46 474
474 104
104 240
240 528
528 560
560 486
486 61
61 742
742 788
788 274
274 783
783 834
834 692
692 160
160 379
188
175 113
168 3
33 93
70 64
140 94
174 113
8 13
47 105
151 53
89 12
121 167
61 141
84 45
84 56
117 70
105 17
120 141
47 104
149 70
112 83
52 175
84 3
166 13
86 80
78 112
152 4
148 188
43 94
129 101
82 134
140 142
6 13
153 76
79 155
45 165
166 118
153 98
67 137
22 106
181 29
129 63
163 24
165 67
115 153
9 176
47 44
68 15
175 38
31 101
188 80
59 118
43 39
57 53
85 150
88 15
169 182
131 169
110 54
141 45
71 163
185 93
169 178
69 121
44 104
153 136
12 138
24 6
1 168
161 40
88 66
3 54
92 168
169 159
173 147
150 57
13 30
87 165
49 25
73 95
122 53
35 58
125 65
42 84
2 121
78 27
33 41
41 164
114 130
41 42
170 31
80 5
187 165
74 173
177 88
57 9
155 90
68 178
131 125
181 157
164 168
156 27
6 14
78 109
56 93
98 63
16 25
175 30
47 34
142 58
113 143
187 138
133 38
80 89
143 172
134 187
57 179
171 175
188 77
155 100
29 23
60 181
28 72
100 113
81 42
124 154
21 174
162 187
63 86
158 111
77 9
184 70
91 137
181 47
76 164
96 129
68 52
126 165
68 109
113 66
131 102
25 150
52 108
145 15
117 127
95 85
28 129
176 127
15 37
41 157
12 39
33 142
135 49
137 84
75 46
70 42
150 49
145 19
177 134
82 74
128 157
15 45
92 151
145 80
160 17
96 136
133 118
8 3
56 126
165 67
173 172
97 111
100 118
102 72
3 1
4 102
147 82
103 8
75 102
36 115
111 158
125 1
80 72
109 104
43 130
34 116
139 97
125 34
71 165
137 26
120 8
119 18
100 149
29 96
72 179
159 117
131 91
143 29
99 180
184 11
121 100
112 26
110 43
59 91
102 51
94 6
13 6
81 40
68 107
42 48
145 32
144 51
112 72
93 92
176 163
162 71
143 43
103 171
72 31
26 70
184 2
83 43
89 7
8 157
174 10
73 140
35 180
164 28
182 146
68 165
53 169
120 159
72 46
93 159
100 168
160 119
140 183
54 22
47 83
143 58
27 93
8 149
49 116
108 86
31 161
9 88
130 67
160 147
58 53
2 183
146 141
76 131
108 39
32 43
160 108
117 54
39 36
148 178
16 115
13 165
120 37
71 46
49 138
121 58
90 141
20 138
26 91
44 71
61 108
93 183
166 2
121 67
184 132
118 57
108 96
42 12
45 184
155 129
12 135
100 3
80 54
84 124
135 39
99 8
123 93
28 183
38 149
60 42
96 176
67 94
80 109
27 126
106 179
51 24
25 12
96 35
171 131
62 101
47 60
59 72
50 166
41 187
69 107
179 87
65 69
167 166
20 29
152 135
135 96
160 52
64 59
183 76
59 31
41 136
66 89
136 6
69 51
149 10
185 159
102 128
31 154
179 55
10 122
134 119
159 91
100 50
184 165
88 179
172 142
39 4
54 104
161 54
8 150
82 11
9 127
18 61
66 123
148 73
72 64
47 25
6 181
84 185
60 134
109 146
185 65
167 4
58 13
43 31
158 121
36 102
47 30
84 3
37 107
106 123
97 102
169 14
73 87
126 58
131 53
151 91
165 181
79 149
143 91
37 56
105 86
99 136
132 118
160 78
80 58
155 89
38 148
154 152
28 161
19 26
176 96
120 95
34 177
102 184
135 65
74 161
44 119
149 110
177 138
56 92
57 144
70 93
7 131
69 65
74 45
120 64
175 142
159 78
109 153
122 56
177 24
187 127
110 78
21 93
112 83
188 135
50 165
102 181
95 46
4 122
43 51
171 146
29 134
143 46
85 55
43 125
90 71
115 76
150 56
20 40
173 26
139 122
160 117
95 1
86 171
21 4
160 16
164 172
147 42
42 15
13 188
80 177
155 26
137 139
48 103
176 91
48 135
20 35
50 45
3 184
83 186
109 99
167 86
113 133
81 171
147 130
50 61
69 114
157 7
37 88
81 125
106 154
185 79
18 95
43 169
31 37
48 15
17 145
150 138
131 98
151 178
147 17
145 64
95 111
178 131
143 152
29 161
131 48
133 103
52 75
27 53
23 169
107 119
129 95
26 131
123 145
50 86
55 47
172 174
149 150
179 15
175 90
80 61
8 113
119 45
128 164
80 23
47 137
50 110
172 72
45 114
161 167
68 15
142 112
30 136
36 92
16 120
101 159
69 54
165 177
24 44
34 4
3 31
184 145
124 4
70 100
103 146
140 35
19 140
91 104
118 1
170 168
23 132
35 44
171 18
12 156
83 38
98 136
166 140
34 35
63 33
136 33
131 125
140 14
178 49
117 99
117 187
129 29
181 137
103 74
122 107
126 78
180 168
84 66
61 103
184 22
110 173
39 81
41 156
58 112
109 70
74 21
175 29
142 105
149 146
24 12
153 56
43 188
186 94
9 69
68 96
38 135
62 26
32 43
68 119
188 159
36 173
175 178
116 61
17 34
34 93
74 45
55 99
84 54
142 180
172 157
175 182
2 44
41 36
10 55
87 156
4 33
156 15
97 159
30 77
188 152
53 81
180 12
52 11
159 40
106 8
6 26
64 175
4 94
126 113
148 134
137 88
103 27
73 93
138 49
53 147
60 144
16 56
147 69
57 118
162 69
179 19
81 64
129 34
140 111
54 59
175 23
130 167
96 67
73 166
24 50
185 35
86 36
37 164
187 31
5 38
177 63
112 173
43 128
84 123
107 49
96 172
172 109
119 12
39 77
188 169
9 29
119 22
37 7
54 43
106 143
9 175
178 109
168 115
85 26
77 84
181 188
93 63
63 96
28 179
85 82
55 173
112 162
69 27
54 151
28 15
25 146
52 11
120 144
58 7
151 88
19 55
151 127
54 103
169 151
112 25
109 44
74 113
141 166
116 50
112 159
37 11
87 174
50 46
118 160
173 141
155 72
129 38
120 103
18 55
71 53
175 45
86 23
57 83
6 176
96 30
131 159
171 68
101 187
99 155
63 55
170 60
104 142
99 37
79 119
136 33
64 88
158 48
70 105
69 54
104 153
6 112
182 25
54 11
83 63
89 133
70 131
108 156
81 12
53 28
105 35
146 67
173 137
160 70
8 108
95 22
87 96
56 55
11 135
60 185
180 66
154 25
92 90
47 77
147 68
29 73
8 30
59 1
59 76
157 46
9 104
113 149
16 6
176 29
188 59
179 129
136 95
138 45
185 145
7 184
11 26
158 100
114 19
108 30
93 57
64 82
81 129
152 139
61 59
108 69
161 166
102 117
82 38
152 49
35 188
14 64
95 89
6 48
7 163
149 157
124 152
141 159
68 86
98 37
3 172
101 131
158 77
98 72
34 115
43 174
149 3
105 40
10 133
99 84
32 142
146 178
61 146
23 57
75 55
92 78
3 38
119 24
119 180
17 21
125 7
112 65
187 10
175 35
101 94
80 187
87 158
59 79
82 163
94 39
15 161
114 147
91 18
145 76
110 172
101 134
12 48
160 72
42 93
126 44
79 107
69 134
46 51
132 104
148 74
180 177
82 2
155 127
185 57
157 4
161 15
23 127
22 74
59 123
142 12
55 132
98 140
111 6
49 97
96 75
100 38
33 93
165 136
14 126
90 117
167 60
63 82
146 133
58 63
88 98
14 73
132 178
70 170
132 136
179 2
42 7
188 87
14 127
187 99
169 21
56 162
78 152
97 122
56 29
126 161
150 153
25 4
179 79
78 50
106 127
97 111
179 101
50 3
54 66
178 164
186 26
85 52
130 155
173 131
70 186
11 85
114 142
19 56
175 83
51 111
132 32
175 11
14 175
48 100
90 59
80 34
121 3
159 130
112 127
108 84
51 158
113 12
40 46
142 146
82 162
51 39
118 159
89 175
143 103
52 1
57 47
53 40
88 9
157 128
76 88
37 15
56 39
93 26
181 99
175 142
33 20
140 119
26 49
1 7
62 183
42 116
120 25
48 58
188 54
58 19
99 16
11 98
165 81