1000 1000
854 892
892 966
966 315
315 367
367 656
656 410
410 838
838 898
898 895
895 467
467 482
482 220
220 249
249 601
601 401
401 47
47 970
970 386
386 390
390 690
690 127
127 977
977 801
801 336
336 226
226 7
7 669
669 90
90 73
73 791
791 236
236 223
223 219
219 318
318 183
183 444
444 239
239 2
2 633
633 794
794 118
118 429
429 869
869 763
763 769
769 360
360 169
169 718
718 620
620 354
354 433
433 379
379 937
937 759
759 248
248 543
543 305
305 209
209 64
64 530
530 746
746 321
321 208
208 418
418 378
378 764
764 203
203 887
887 253
253 712
712 741
741 454
454 434
434 497
497 309
309 589
589 512
512 721
721 293
293 407
407 872
872 713
713 157
157 753
753 339
339 488
488 375
375 923
923 993
993 984
984 960
960 353
353 471
471 595
595 474
474 911
911 943
943 202
202 634
634 83
83 280
280 576
576 989
989 606
606 868
868 198
198 13
13 668
668 468
468 269
269 867
867 187
187 904
904 413
413 412
412 357
357 79
79 538
538 502
502 981
981 852
852 524
524 747
747 792
792 927
927 359
359 358
358 568
568 680
680 735
735 50
50 277
277 380
380 940
940 837
837 814
814 968
968 347
347 527
527 113
113 88
88 573
573 945
945 180
180 423
423 306
306 302
302 179
179 650
650 382
382 600
600 19
19 400
400 811
811 457
457 439
439 363
363 409
409 372
372 896
896 971
971 583
583 9
9 523
523 46
46 487
487 599
599 848
848 475
475 142
142 167
167 789
789 345
345 840
840 263
263 151
151 553
553 287
287 168
168 279
279 125
125 817
817 563
563 722
722 214
214 94
94 122
122 440
440 987
987 976
976 255
255 906
906 715
715 845
845 682
682 999
999 138
138 303
303 865
865 782
782 871
871 371
371 100
100 170
170 795
795 765
765 941
941 637
637 174
174 997
997 955
955 893
893 805
805 323
323 314
314 602
602 265
265 12
12 247
247 264
264 299
299 861
861 652
652 98
98 685
685 932
932 691
691 316
316 308
308 969
969 541
541 155
155 210
210 97
97 175
175 292
292 964
964 290
290 607
607 974
974 736
736 693
693 102
102 472
472 659
659 313
313 8
8 909
909 677
677 660
660 500
500 256
256 833
833 235
235 748
748 798
798 320
320 141
141 227
227 431
431 515
515 781
781 225
225 545
545 428
428 921
921 749
749 319
319 531
531 575
575 910
910 779
779 286
286 804
804 819
819 619
619 929
929 571
571 307
307 470
470 394
394 572
572 853
853 221
221 473
473 42
42 708
708 886
886 147
147 586
586 756
756 610
610 551
551 645
645 425
425 310
310 518
518 908
908 649
649 387
387 53
53 995
995 641
641 28
28 376
376 505
505 189
189 774
774 344
344 218
218 552
552 65
65 275
275 580
580 549
549 731
731 495
495 594
594 234
234 776
776 356
356 340
340 720
720 441
441 739
739 847
847 205
205 590
590 34
34 924
924 771
771 802
802 737
737 994
994 230
230 982
982 978
978 296
296 615
615 578
578 624
624 43
43 445
445 448
448 701
701 556
556 111
111 608
608 587
587 5
5 928
928 757
757 614
614 121
121 432
432 245
245 403
403 24
24 197
197 343
343 768
768 456
456 979
979 300
300 414
414 884
884 149
149 422
422 617
617 825
825 128
128 905
905 738
738 417
417 875
875 160
160 935
935 986
986 730
730 807
807 630
630 36
36 705
705 879
879 206
206 369
369 894
894 258
258 251
251 117
117 788
788 930
930 786
786 27
27 985
985 850
850 745
745 926
926 934
934 514
514 963
963 152
152 758
758 228
228 465
465 489
489 288
288 773
773 729
729 284
284 761
761 603
603 859
859 329
329 540
540 503
503 988
988 516
516 593
593 679
679 266
266 126
126 421
421 22
22 294
294 546
546 18
18 507
507 948
948 793
793 744
744 35
35 366
366 21
21 605
605 766
766 560
560 676
676 115
115 567
567 72
72 137
137 998
998 956
956 874
874 207
207 229
229 919
919 834
834 40
40 727
727 625
625 116
116 171
171 144
144 554
554 341
341 156
156 490
490 30
30 938
938 215
215 967
967 129
129 946
946 810
810 71
71 368
368 767
767 534
534 243
243 87
87 327
327 259
259 686
686 244
244 3
3 687
687 670
670 577
577 408
408 45
45 622
622 405
405 60
60 430
430 702
702 674
674 689
689 483
483 888
888 383
383 262
262 361
361 112
112 823
823 750
750 120
120 278
278 942
942 681
681 453
453 539
539 612
612 178
178 332
332 231
231 629
629 114
114 291
291 863
863 684
684 70
70 588
588 609
609 164
164 533
533 326
326 521
521 952
952 108
108 579
579 66
66 931
931 903
903 559
559 843
843 830
830 459
459 958
958 846
846 604
604 476
476 86
86 673
673 648
648 15
15 762
762 212
212 481
481 274
274 726
726 535
535 424
424 415
415 62
62 134
134 393
393 85
85 132
132 49
49 106
106 692
692 897
897 494
494 81
81 426
426 646
646 370
370 812
812 153
153 954
954 751
751 829
829 267
267 172
172 947
947 877
877 499
499 462
462 105
105 661
661 973
973 452
452 933
933 832
832 484
484 618
618 783
783 508
508 778
778 77
77 406
406 107
107 723
723 557
557 678
678 443
443 133
133 385
385 101
101 643
643 857
857 252
252 675
675 697
697 899
899 119
119 99
99 816
816 566
566 902
902 504
504 304
304 92
92 780
780 295
295 63
63 196
196 148
148 447
447 818
818 204
204 466
466 397
397 743
743 716
716 135
135 185
185 653
653 878
878 537
537 33
33 389
389 841
841 58
58 48
48 628
628 631
631 298
298 486
486 666
666 866
866 991
991 176
176 61
61 349
349 799
799 613
613 384
384 411
411 260
260 254
254 962
962 835
835 616
616 334
334 241
241 485
485 754
754 922
922 734
734 855
855 585
585 592
592 365
365 11
11 821
821 261
261 56
56 55
55 700
700 6
6 301
301 51
51 591
591 330
330 883
883 714
714 709
709 271
271 990
990 856
856 124
124 881
881 900
900 80
80 975
975 145
145 477
477 272
272 427
427 662
662 517
517 186
186 498
498 717
717 242
242 39
39 828
828 4
4 915
915 435
435 188
188 688
688 451
451 166
166 703
703 707
707 211
211 638
638 29
29 525
525 420
420 130
130 944
944 324
324 333
333 820
820 201
201 851
851 317
317 959
959 506
506 949
949 548
548 770
770 733
733 698
698 331
331 920
920 37
37 696
696 492
492 501
501 772
772 96
96 89
89 450
450 626
626 565
565 140
140 348
348 398
398 14
14 190
190 996
996 322
322 695
695 364
364 139
139 381
381 270
270 842
842 276
276 177
177 437
437 564
564 953
953 67
67 442
442 699
699 796
796 273
273 38
38 123
123 199
199 460
460 639
639 20
20 216
216 195
195 76
76 362
362 544
544 965
965 513
513 75
75 146
146 957
957 84
84 93
93 222
222 161
161 950
950 104
104 44
44 289
289 285
285 163
163 596
596 458
458 740
740 790
790 728
728 25
25 824
824 864
864 710
710 436
436 636
636 162
162 667
667 651
651 479
479 598
598 826
826 110
110 972
972 621
621 655
655 914
914 742
742 57
57 250
250 644
644 232
232 17
17 32
32 282
282 558
558 815
815 582
582 283
283 542
542 635
635 664
664 193
193 391
391 813
813 191
191 237
237 528
528 268
268 916
916 569
569 181
181 808
808 657
657 478
478 992
992 491
491 246
246 526
526 402
402 109
109 880
880 82
82 529
529 399
399 862
862 131
131 297
297 951
951 711
711 10
10 873
873 377
377 555
555 787
787 890
890 395
395 581
581 52
52 257
257 194
194 849
849 574
574 671
671 562
562 346
346 469
469 238
238 184
184 150
150 233
233 31
31 913
913 240
240 213
213 683
683 373
373 797
797 1
1 936
936 328
328 561
561 912
912 520
520 665
665 158
158 532
532 26
26 455
455 338
338 961
961 775
775 509
509 597
597 694
694 182
182 647
647 511
511 809
809 68
68 311
311 159
159 704
704 388
388 732
732 374
374 858
858 632
632 611
611 217
217 154
154 416
416 980
980 91
91 463
463 831
831 464
464 640
640 350
350 672
672 1000
1000 706
706 325
325 876
876 192
192 95
95 480
480 312
312 59
59 917
917 777
777 404
404 54
54 623
623 806
806 901
901 200
200 519
519 510
510 822
822 760
760 663
663 438
438 392
392 496
496 224
224 885
885 584
584 925
925 78
78 752
752 860
860 536
536 785
785 461
461 800
800 351
351 522
522 907
907 335
335 74
74 136
136 355
355 918
918 493
493 419
419 844
844 755
755 939
939 337
337 658
658 449
449 570
570 143
143 891
891 16
16 870
870 23
23 446
446 173
173 719
719 342
342 724
724 627
627 654
654 983
983 396
396 165
165 836
836 281
281 827
827 550
550 69
69 839
839 547
547 882
882 352
352 642
642 803
803 103
103 889
889 41
41 784
784 725
725 854
188
79 186
160 34
139 115
110 173
24 97
180 97
157 14
47 170
54 29
181 3
156 31
171 48
87 135
69 88
74 63
89 162
150 29
8 47
185 63
57 123
151 15
132 97
35 45
47 53
184 103
179 156
88 144
17 99
131 9
166 90
94 140
5 19
6 130
59 168
151 83
119 174
32 14
88 26
17 176
157 28
173 124
94 180
13 80
5 54
130 62
178 33
24 97
141 150
166 158
173 52
3 19
93 56
115 49
140 154
47 92
110 99
76 178
90 114
62 84
129 65
48 68
25 87
188 62
139 11
177 52
27 12
42 80
119 174
3 26
160 37
90 187
41 122
171 123
4 172
123 178
187 96
167 34
132 49
182 128
88 169
25 69
33 118
75 4
43 119
86 20
41 164
92 132
11 121
141 63
114 50
108 171
130 184
41 37
3 15
45 166
5 102
151 106
74 177
11 7
110 18
45 71
50 140
117 156
147 72
182 109
8 18
129 50
143 148
10 188
58 38
177 71
113 25
42 116
180 39
58 25
118 178
20 88
81 5
169 39
16 89
97 5
156 63
113 46
56 30
140 101
17 66
42 52
179 58
177 12
166 108
127 183
126 162
27 173
16 45
187 178
66 73
155 92
166 51
110 115
131 114
106 114
127 122
7 10
18 58
58 112
116 145
22 172
185 156
136 68
116 158
99 45
184 12
95 58
40 8
24 78
34 119
178 134
28 69
120 37
162 33
75 69
137 58
184 116
41 44
37 25
4 21
101 13
166 103
100 90
38 172
10 33
139 75
111 133
150 177
98 182
175 119
19 3
74 13
72 14
113 19
99 108
33 112
26 44
29 8
54 150
140 126
27 66
132 133
47 87
50 51
87 145
146 186
53 171
110 144
188 10
135 156
138 121
83 90
53 21
43 31
168 128
170 162
72 132
1 134
140 131
2 61
166 89
62 83
166 89
135 95
160 186
131 89
129 66
155 78
33 172
115 126
116 69
185 11
6 35
71 163
127 51
146 124
120 128
109 87
133 74
183 44
83 161
184 147
179 103
14 67
33 27
106 24
151 130
24 168
44 58
56 161
59 178
124 121
141 180
62 171
178 11
73 24
80 22
87 63
66 139
156 67
144 106
63 45
180 178
144 47
107 19
180 160
48 61
115 13
139 89
106 89
1 128
129 58
90 2
164 168
173 118
83 145
162 102
23 98
82 105
72 8
117 21
49 161
26 155
188 38
126 17
52 21
179 128
61 179
183 131
130 84
166 184
41 166
170 40
150 145
186 26
77 62
165 34
150 185
65 152
66 49
61 183
76 9
6 28
78 104
164 40
154 36
177 65
52 10
186 179
185 90
61 91
35 173
135 89
35 3
67 49
27 144
21 113
129 126
73 154
99 45
39 78
39 56
61 67
140 68
67 124
90 52
145 73
154 74
139 38
96 79
41 62
46 42
69 100
68 91
94 168
73 45
30 127
174 82
12 147
58 73
128 22
86 5
59 149
160 38
168 71
174 82
35 112
126 119
30 71
100 88
160 174
51 104
27 43
4 35
85 151
34 58
48 74
148 71
22 67
42 105
7 12
113 4
55 84
50 25
97 31
79 144
80 70
132 2
9 3
105 149
87 179
103 104
95 6
121 15
164 82
150 54
141 4
32 46
119 41
166 48
171 113
24 173
149 137
12 20
186 8
124 173
154 35
1 135
136 130
109 94
140 119
22 20
140 29
135 151
64 179
50 98
18 122
179 32
57 122
91 1
149 185
179 19
107 10
20 26
72 61
118 31
164 15
44 115
130 107
165 85
157 43
37 8
49 184
70 105
183 175
185 7
123 34
116 34
185 134
183 23
131 134
79 124
8 114
185 42
84 83
86 4
109 138
144 17
184 157
71 35
70 175
140 171
31 91
183 14
141 68
68 178
87 134
77 185
35 60
59 130
19 49
65 42
85 133
54 121
42 11
134 156
126 24
135 114
104 8
145 65
170 64
108 89
83 102
53 85
78 75
97 36
160 155
2 68
78 153
158 48
171 67
55 76
120 134
108 40
21 94
56 160
24 19
101 180
63 58
48 172
143 72
68 152
44 89
168 87
166 97
186 58
20 148
78 73
143 152
168 40
167 144
125 139
179 10
152 45
108 51
167 65
143 85
53 155
168 108
64 103
111 86
102 76
137 4
71 26
112 125
61 170
186 40
107 78
167 16
42 69
130 75
151 46
32 178
17 181
172 183
9 184
69 132
124 104
110 1
171 23
89 64
17 147
173 124
168 27
149 108
31 21
91 104
163 135
95 92
135 128
127 12
104 81
79 91
19 88
31 85
174 186
30 166
116 12
91 97
54 114
108 69
153 86
22 117
106 40
149 78
146 122
102 150
123 126
45 83
143 99
149 88
76 174
111 74
168 157
38 116
129 80
175 23
158 2
114 143
23 37
118 42
138 24
10 3
9 83
170 99
153 69
147 141
95 109
42 176
12 100
43 27
76 38
46 182
79 173
129 13
102 75
110 102
67 127
139 85
57 60
161 51
138 40
26 36
37 88
146 124
39 40
45 129
181 124
139 95
178 82
99 165
130 83
173 111
173 53
148 78
132 67
62 66
110 11
125 109
3 109
141 64
67 64
166 82
112 176
45 32
42 39
6 112
33 132
115 89
12 51
91 117
71 103
8 59
29 153
117 88
52 173
39 76
39 3
26 172
25 74
99 101
109 176
150 13
27 178
146 7
44 117
8 179
164 102
40 8
13 159
28 114
167 129
100 91
146 92
1 149
115 47
69 107
61 77
162 157
93 186
94 52
124 50
93 14
114 162
149 74
85 100
121 83
180 38
84 99
127 133
169 12
39 112
121 124
7 179
179 175
131 158
101 167
41 79
99 34
114 98
105 48
177 165
45 93
115 31
11 122
81 66
131 40
112 99
177 169
129 68
93 6
149 72
85 146
114 75
114 156
19 42
94 52
91 60
89 8
25 114
184 135
167 32
133 52
1 81
51 26
135 141
80 81
146 181
44 173
136 84
128 7
155 110
14 143
176 38
63 92
45 11
120 183
60 118
159 143
95 149
16 63
147 137
121 84
120 173
31 71
50 123
45 136
54 114
8 69
175 17
35 144
99 65
78 33
161 11
118 74
55 30
20 122
86 70
53 65
55 67
1 177
38 106
46 165
148 157
187 29
8 160
161 89
175 181
1 58
153 86
10 118
138 44
77 97
124 51
18 136
113 46
172 14
119 46
162 69
44 138
18 91
83 45
135 177
166 114
120 104
160 129
50 52
53 186
18 100
151 15
36 144
44 116
133 95
18 151
147 162
20 34
92 10
166 80
120 185
124 110
4 73
59 146
41 150
102 62
32 187
72 188
84 120
128 70
8 165
129 54
156 132
144 14
147 186
55 131
184 111
63 34
119 140
48 97
138 87
66 149
91 154
109 153
10 2
56 67
69 43
19 167
100 101
179 180
41 153
180 7
15 73
15 181
118 56
128 121
49 183
62 1
35 130
87 5
19 27
169 23
130 43
7 39
1 94
153 53
165 162
151 134
158 99
55 98
184 87
122 154
168 183
141 26
176 61
115 100
164 3
63 90
23 120
33 83
8 52
105 133
56 88
134 96
9 151
152 113
40 100
162 35
163 120
93 86
151 136
92 101
23 32
79 107
140 3
116 123
174 102
36 103
171 109
74 147
96 133
27 118
88 45
78 153
100 142
131 106
6 86
170 21
176 30
128 84
142 118
105 119
101 12
35 136
166 10
178 152
54 21
54 142
18 47
172 92
29 13
180 42
139 141
115 139
62 65
52 167
126 118
50 157
16 72
150 54
133 41
65 121
40 10
133 53
161 144
114 139
48 106
185 107
96 19
97 89
38 77
103 14
178 31
113 21
36 185
69 30
138 160
186 89
188 173
129 108
81 43
25 168
70 65
134 151
73 92
148 110
117 100
35 158
55 163
151 154
158 85
73 176
93 32
101 161
177 71
76 165
45 26
107 124
183 84
29 96
26 16
88 134
20 112
93 108
152 108
109 148
94 132
106 75
108 18
156 2
127 58
166 161
19 144
154 74
47 5
18 91
183 66
59 23
7 164
81 39
119 45
115 52
103 183
98 10
38 185
92 128
81 12
58 175
59 43
148 65
171 78
22 84
160 54
150 71
23 164
34 5
39 185
66 149
35 99
141 43
156 143
75 2
159 177
25 100
38 138
165 128
4 116
126 64
96 38
42 126
41 16
44 123
44 76
81 94
75 62
106 180
69 70
146 164
181 182
111 52
137 23
17 134
111 31
148 152
187 24
105 96
114 165
81 165
100 58
168 36
152 47
2 6
68 169
58 104
80 18
66 13
163 154
112 117
183 109
122 103
94 143
124 43
92 74
33 55
15 72
73 128
161 170
164 31
75 147
172 161
67 2
21 122
118 21
7 105
35 102
120 67
181 3
74 16
125 22
72 33
107 95
14 108
161 95
29 112
10 52
99 31
34 6
73 156
111 148
178 63
17 34
153 64
57 40
159 153
39 137
161 149