670 670
107 165
165 583
583 303
303 106
106 435
435 586
586 28
28 433
433 497
497 439
439 260
260 73
73 499
499 576
576 391
391 319
319 215
215 468
468 322
322 624
624 561
561 594
594 10
10 668
668 256
256 276
276 592
592 491
491 161
161 19
19 170
170 24
24 503
503 258
258 636
636 455
455 331
331 250
250 462
462 579
579 421
421 123
123 11
11 346
346 336
336 339
339 362
362 179
179 262
262 1
1 328
328 506
506 467
467 471
471 483
483 402
402 551
551 168
168 120
120 224
224 287
287 474
474 456
456 605
605 184
184 99
99 193
193 118
118 603
603 443
443 653
653 163
163 8
8 452
452 394
394 410
410 131
131 125
125 150
150 280
280 386
386 27
27 426
426 609
609 361
361 610
610 381
381 9
9 390
390 570
570 109
109 178
178 627
627 115
115 428
428 425
425 122
122 126
126 639
639 113
113 23
23 182
182 197
197 245
245 422
422 239
239 343
343 337
337 638
638 649
649 631
631 409
409 39
39 368
368 167
167 62
62 658
658 626
626 432
432 80
80 345
345 373
373 640
640 104
104 341
341 327
327 30
30 568
568 105
105 353
353 501
501 464
464 660
660 367
367 616
616 535
535 283
283 408
408 61
61 332
332 478
478 37
37 160
160 79
79 383
383 221
221 376
376 321
321 419
419 219
219 265
265 356
356 185
185 172
172 637
637 242
242 216
216 271
271 575
575 523
523 557
557 595
595 279
279 476
476 473
473 210
210 655
655 230
230 55
55 437
437 553
553 121
121 393
393 2
2 512
512 601
601 295
295 134
134 564
564 358
358 310
310 495
495 77
77 334
334 257
257 607
607 379
379 434
434 335
335 571
571 527
527 670
670 454
454 485
485 441
441 500
500 498
498 529
529 415
415 509
509 291
291 157
157 204
204 635
635 475
475 169
169 284
284 589
589 47
47 228
228 251
251 171
171 514
514 665
665 259
259 347
347 515
515 541
541 504
504 505
505 581
581 278
278 342
342 375
375 275
275 472
472 298
298 563
563 608
608 166
166 518
518 545
545 194
194 559
559 511
511 255
255 85
85 420
420 143
143 667
667 372
372 252
252 226
226 158
158 3
3 173
173 33
33 208
208 75
75 513
513 112
112 447
447 162
162 458
458 395
395 97
97 484
484 599
599 620
620 399
399 554
554 127
127 324
324 96
96 196
196 132
132 180
180 264
264 359
359 26
26 281
281 297
297 459
459 240
240 84
84 633
633 661
661 427
427 116
116 388
388 448
448 311
311 590
590 516
516 318
318 382
382 138
138 323
323 35
35 5
5 50
50 231
231 618
618 305
305 659
659 398
398 643
643 648
648 396
396 314
314 377
377 76
76 277
277 479
479 357
357 108
108 234
234 261
261 130
130 580
580 521
521 59
59 53
53 41
41 135
135 440
440 313
313 154
154 602
602 246
246 338
338 20
20 128
128 566
566 38
38 141
141 213
213 308
308 22
22 140
140 621
621 309
309 254
254 207
207 45
45 25
25 288
288 370
370 487
487 98
98 374
374 227
227 174
174 155
155 587
587 139
139 212
212 91
91 404
404 654
654 539
539 446
446 577
577 137
137 69
69 300
300 13
13 82
82 83
83 292
292 223
223 269
269 632
632 211
211 67
67 72
72 293
293 481
481 596
596 43
43 312
312 493
493 496
496 519
519 650
650 392
392 555
555 585
585 502
502 508
508 16
16 306
306 233
233 490
490 299
299 556
556 15
15 12
12 444
444 190
190 214
214 662
662 119
119 389
389 101
101 315
315 66
66 348
348 371
371 378
378 274
274 222
222 316
316 191
191 102
102 110
110 457
457 549
549 647
647 588
588 431
431 65
65 273
273 296
296 88
88 46
46 51
51 241
241 466
466 450
450 657
657 189
189 411
411 538
538 103
103 48
48 149
149 537
537 270
270 307
307 236
236 294
294 352
352 14
14 510
510 114
114 629
629 93
93 325
325 247
247 469
469 63
63 550
550 42
42 243
243 177
177 622
622 198
198 574
574 78
78 397
397 363
363 630
630 56
56 34
34 417
417 405
405 600
600 562
562 414
414 201
201 445
445 60
60 202
202 205
205 175
175 572
572 536
536 64
64 142
142 477
477 129
129 619
619 6
6 156
156 355
355 558
558 494
494 209
209 560
560 651
651 272
272 89
89 21
21 488
488 470
470 144
144 268
268 634
634 333
333 183
183 330
330 546
546 604
604 248
248 642
642 195
195 58
58 442
442 304
304 548
548 326
326 320
320 666
666 412
412 646
646 351
351 438
438 237
237 591
591 531
531 220
220 29
29 569
569 543
543 542
542 317
317 249
249 463
463 534
534 111
111 145
145 623
623 611
611 186
186 176
176 400
400 517
517 49
49 92
92 612
612 364
364 644
644 253
253 354
354 95
95 482
482 652
652 86
86 289
289 669
669 164
164 507
507 225
225 148
148 344
344 152
152 625
625 524
524 614
614 656
656 153
153 540
540 71
71 146
146 340
340 525
525 429
429 282
282 244
244 387
387 147
147 486
486 528
528 533
533 664
664 266
266 136
136 369
369 460
460 32
32 380
380 480
480 584
584 285
285 235
235 52
52 199
199 159
159 200
200 365
365 192
192 44
44 74
74 181
181 238
238 40
40 229
229 598
598 87
87 522
522 430
430 267
267 628
628 416
416 232
232 206
206 217
217 263
263 449
449 401
401 57
57 218
218 124
124 532
532 418
418 36
36 461
461 663
663 520
520 187
187 613
613 407
407 385
385 606
606 302
302 100
100 366
366 384
384 350
350 453
453 406
406 489
489 565
565 70
70 492
492 413
413 7
7 18
18 17
17 151
151 424
424 436
436 188
188 403
403 552
552 544
544 301
301 349
349 573
573 90
90 645
645 617
617 329
329 4
4 360
360 423
423 94
94 81
81 68
68 615
615 465
465 54
54 286
286 203
203 597
597 567
567 593
593 582
582 641
641 290
290 117
117 530
530 578
578 526
526 133
133 31
31 547
547 451
451 107
127
48 41
23 90
37 90
64 89
71 48
26 48
126 99
71 95
91 120
54 14
91 64
127 113
33 12
52 88
102 54
77 87
83 67
96 21
70 13
55 94
120 123
27 66
72 127
32 7
124 96
53 50
72 54
30 14
57 117
27 33
1 111
77 6
123 103
78 107
99 34
100 50
67 5
87 126
111 70
86 73
98 109
42 93
41 28
123 30
127 65
93 114
18 22
59 98
57 41
53 84
84 9
103 84
105 96
85 21
35 98
83 96
90 12
29 30
112 76
109 2
90 43
26 122
18 55
102 56
81 57
108 21
124 80
52 5
71 101
45 98
53 79
126 89
110 52
100 58
116 73
27 82
38 116
86 108
30 115
70 79
80 120
84 16
37 45
28 74
83 40
122 105
15 1
107 24
86 111
14 39
25 24
75 83
54 57
58 49
15 24
44 78
29 120
18 109
30 73
35 53
81 115
45 115
113 14
84 52
74 8
59 30
50 26
10 18
111 94
94 78
8 2
27 54
121 127
16 15
94 78
45 69
81 126
34 48
32 82
83 30
9 43
5 106
79 74
79 95
30 96
20 17
112 36
16 87
120 96
45 20
78 80
27 13
88 61
88 98
43 53
52 122
28 44
4 92
77 46
110 105
17 90
56 100
36 76
77 3
19 119
46 79
92 114
75 119
94 7
89 103
115 48
66 25
80 41
32 22
41 118
24 77
91 119
53 42
18 83
1 65
127 30
57 25
9 1
67 114
86 61
34 98
57 107
97 120
91 114
45 87
126 8
35 2
31 4
36 93
126 80
85 37
14 44
81 109
122 40
59 46
127 93
117 76
82 12
10 55
24 36
93 105
6 1
120 21
46 40
24 97
92 55
42 56
85 71
77 119
125 73
25 113
64 57
70 9
41 59
14 12
21 16
43 1
54 37
60 10
109 69
39 96
56 119
85 7
64 11
88 16
20 65
92 85
88 53
15 83
59 75
1 105
6 103
37 13
110 51
84 115
47 106
115 90
57 19
27 80
57 44
45 66
88 95
43 4
90 10
15 107
50 11
74 22
42 8
18 16
54 4
105 96
71 45
21 9
89 82
88 116
78 55
66 125
19 67
41 55
1 102
62 17
106 63
102 71
92 7
6 19
90 10
14 108
73 75
34 31
61 79
122 115
55 77
90 5
9 70
63 11
25 30
13 19
123 110
112 14
21 27
106 53
126 72
89 39
14 47
60 84
73 100
53 48
114 90
70 90
53 99
24 67
67 78
100 110
95 16
105 120
30 108
28 42
33 65
109 127
123 50
120 81
33 36
55 52
43 96
100 97
124 93
85 120
118 116
90 110
62 46
76 117
123 91
28 40
77 108
55 6
85 119
50 78
16 126
2 18
83 50
61 109
4 121
126 29
72 99
32 83
12 122
90 66
124 12
45 49
20 50
124 67
123 68
87 90
84 61
74 101
31 110
105 73
17 16
116 102
117 20
100 58
93 119
30 88
64 55
88 70
29 59
35 95
24 18
123 81
40 33
11 103
67 35
112 82
117 93
110 10
66 63
83 13
17 45
30 26
49 40
73 100
17 13
99 60
6 89
117 51
127 118
31 124
92 10
73 64
64 65
76 85
87 36
82 62
9 30
34 66
83 126
27 20
52 14
92 74
2 76
120 47
112 126
8 126
111 24
12 47
12 78
52 44
79 25
53 97
89 48
107 82
15 48
84 65
116 97
10 55
28 46
25 7
93 127
66 37
96 54
78 20
30 38
7 70
45 106
89 24
63 103
56 81
19 61
48 91
93 115
112 122
102 85
125 5
119 9
1 117
54 43
9 41
7 114
49 42
74 42
108 8
72 43
67 27
58 114
29 63
63 53
121 105
21 78
61 93
104 46
82 124
46 90
16 117
56 107
121 21
114 16
107 28
106 124
120 68
102 10
95 121
54 80
76 125
14 125
118 42
3 15
64 24
106 57
77 112
63 119
74 9
82 63
12 79
108 84
73 89
49 19
65 24
84 112
42 21
103 83
73 125
41 59
85 92
49 75
118 69
17 115
79 17
83 43
38 67
36 58
52 55
29 92
51 59
1 58
48 28
105 70
76 4
15 85
45 60
50 62
88 103
10 85
62 23
56 102
69 13
114 49
5 80
107 91
22 104
110 36
93 52
84 31
55 91
63 79
113 104
116 101
17 91
110 75
46 96
45 72
87 107
122 64
70 82
40 32
95 94
42 91
126 3
26 14
97 22
105 106
105 33
96 67
96 67
80 69
16 59
91 96
110 123
44 106
102 109
77 67
56 62
95 24
99 119
124 44
88 42
80 98
102 10
114 21
47 48
3 71
12 110
49 72
97 4
123 111
31 81
114 52
59 122
89 111
74 59
72 116
119 17
40 82
52 71
36 70
100 30
76 53
22 39
1 6
119 77
47 21
122 7
69 26
101 54
65 57
82 112
76 23
120 63
113 24
75 3
52 72
55 77
63 122
72 121
59 93
33 105
9 95
22 76
56 92
18 33
7 116
63 52
35 44
23 1
3 54
40 66
29 57
73 86
83 20
69 13
62 18
53 71
74 26
36 125
62 32
26 14
87 112
87 81
63 124
29 113
104 114
8 33
51 45
8 44
45 40
13 73
76 126
54 14
33 9
7 73
75 54
61 6
12 34
107 16
101 127
46 108
70 78
31 93
113 81
91 95
54 51
16 74
108 57
78 92
25 77
110 80
125 99
38 99
97 92
6 114
78 4
84 98
116 109
62 3
113 21
12 82
4 96
57 41
38 57
66 50
47 108
86 101
60 126
2 9
19 31
24 60
23 9
53 97
78 70
31 23
109 37
102 115
3 33
1 118
122 80
36 114
87 34
115 120
76 23
104 46
14 24
24 99
66 3
5 84
98 13
27 83
29 31
27 2
43 23
58 46
83 114
43 13
68 40
34 109
115 15
60 107
31 113
78 47
19 54
18 52
86 108
93 66
99 67
46 54
40 36
35 114
73 82
27 93
76 46
37 107
121 53
50 49
35 96
36 32
53 107
22 38